1657135207 0.060
1657135207 0.060
1657135207 0.060
1657135208 0.060
1657135208 0.060
1657135208 0.060
1657135209 0.060
1657135209 0.060
1657135209 0.060
1657135210 0.060
1657135210 0.060
1657135210 0.060
1657135211 0.060
1657135211 0.060
1657135212 0.060
1657135212 0.060
1657135213 0.060
1657135213 0.060
1657135214 0.060
1657135214 0.060
1657135214 0.060
1657135215 0.060
1657135215 0.060
1657135215 0.060
1657135216 0.060
1657135216 0.060
1657135216 0.060
1657135217 0.060
1657135217 0.060
1657135218 0.060
1657135218 0.060
1657135218 0.060
1657135219 0.060
1657135219 0.060
1657135219 0.060
1657135220 0.060
1657135220 0.060
1657135220 0.060
1657135221 0.060
1657135221 0.060
1657135222 0.060
1657135222 0.060
1657135222 0.060
1657135223 0.060
1657135223 0.060
1657135223 0.060
1657135224 0.060
1657135224 0.060
1657135225 0.060
1657135225 0.060
1657135226 0.060
1657135226 0.060
1657135227 0.060
1657135227 0.060
1657135228 0.060
1657135228 0.060
1657135228 0.060
1657135229 0.060
1657135229 0.060
1657135229 0.060
1657135230 0.060
1657135230 0.060
1657135230 0.060
1657135231 0.060
1657135231 0.060
1657135231 0.060
1657135232 0.060
1657135232 0.060
1657135232 0.060
1657135233 0.060
1657135233 0.060
1657135233 0.060
1657135234 0.060
1657135234 0.060
1657135234 0.060
1657135236 0.060
1657135237 0.003
1657135237 0.003
1657135238 0.003
1657135238 0.003
1657135238 0.003
1657135239 0.003
1657135239 0.003
1657135239 0.003
1657135240 0.003
1657135240 0.003
1657135240 0.003
1657135241 0.003
1657135241 0.003
1657135241 0.003
1657135242 0.003
1657135242 0.003
1657135242 0.003
1657135243 0.003
1657135243 0.003
1657135243 0.003
1657135244 0.003
1657135244 0.003
1657135244 0.003
1657135245 0.003
1657135245 0.003
1657135246 0.003
1657135246 0.003
1657135246 0.003
1657135247 0.003
1657135247 0.003
1657135247 0.003
1657135248 0.003
1657135248 0.003
1657135249 0.003
1657135250 0.003
1657135250 0.003
1657135251 0.003
1657135251 0.003
1657135252 0.003
1657135252 0.003
1657135252 0.003
1657135253 0.003
1657135253 0.003
1657135253 0.003
1657135254 0.003
1657135254 0.003
1657135254 0.003
1657135255 0.003
1657135255 0.003
1657135256 0.003
1657135256 0.003
1657135256 0.003
1657135257 0.003
1657135257 0.003
1657135257 0.003
1657135258 0.003
1657135258 0.003
1657135259 0.003
1657135259 0.003
1657135259 0.003
1657135260 0.003
1657135260 0.003
1657135260 0.003
1657135261 0.003
1657135261 0.003
1657135261 0.003
1657135262 0.003
1657135263 0.003
1657135263 0.003
1657135264 0.003
1657135264 0.003
1657135264 0.003
1657135265 0.003
1657135265 0.003
1657135265 0.003
1657135266 0.003
1657135266 0.003
1657135266 0.003
1657135267 0.004
1657135267 0.004
1657135267 0.004
1657135268 0.004
1657135268 0.004
1657135268 0.004
1657135269 0.004
1657135269 0.004
1657135269 0.004
1657135270 0.004
1657135270 0.004
1657135270 0.004
1657135271 0.004
1657135271 0.004
1657135272 0.004
1657135272 0.004
1657135272 0.004
1657135273 0.004
1657135273 0.004
1657135273 0.004
1657135274 0.004
1657135274 0.004
1657135275 0.004
1657135275 0.004
1657135276 0.004
1657135276 0.004
1657135276 0.004
1657135277 0.004
1657135277 0.004
1657135277 0.004
1657135278 0.004
1657135278 0.004
1657135278 0.004
1657135279 0.004
1657135279 0.004
1657135279 0.004
1657135280 0.004
1657135280 0.004
1657135280 0.004
1657135281 0.004
1657135281 0.004
1657135282 0.004
1657135282 0.004
1657135282 0.004
1657135283 0.004
1657135283 0.004
1657135283 0.004
1657135284 0.004
1657135284 0.004
1657135284 0.004
1657135285 0.004
1657135285 0.004
1657135285 0.004
1657135286 0.004
1657135286 0.004
1657135287 0.004
1657135287 0.004
1657135288 0.004
1657135288 0.004
1657135289 0.004
1657135289 0.004
1657135289 0.004
1657135290 0.004
1657135290 0.004
1657135290 0.004
1657135291 0.004
1657135291 0.004
1657135292 0.004
1657135292 0.004
1657135292 0.004
1657135293 0.004
1657135293 0.004
1657135293 0.004
1657135294 0.004
1657135294 0.004
1657135294 0.004
1657135295 0.004
1657135295 0.004
1657135295 0.004
1657135296 0.004
1657135296 0.004
1657135296 0.004
1657135297 0.004
1657135297 0.004
1657135298 0.004
1657135298 0.004
1657135299 0.004
1657135299 0.004
1657135300 0.004
1657135300 0.004
1657135300 0.004
1657135301 0.004
1657135301 0.004
1657135301 0.004
1657135302 0.004
1657135302 0.004
1657135303 0.004
1657135303 0.004
1657135303 0.004
1657135304 0.004
1657135304 0.004
1657135304 0.004
1657135305 0.004
1657135305 0.004
1657135305 0.004
1657135306 0.004
1657135306 0.004
1657135306 0.004
1657135307 0.004
1657135307 0.004
1657135307 0.004
1657135308 0.004
1657135308 0.004
1657135308 0.004
1657135309 0.004
1657135309 0.004
1657135309 0.004
1657135310 0.004
1657135311 0.004
1657135311 0.004
1657135312 0.004
1657135312 0.004
1657135313 0.004
1657135313 0.004
1657135314 0.004
1657135314 0.004
1657135314 0.004
1657135315 0.004
1657135315 0.004
1657135315 0.004
1657135316 0.004
1657135316 0.004
1657135316 0.004
1657135317 0.004
1657135317 0.004
1657135317 0.004
1657135318 0.004
1657135318 0.004
1657135319 0.004
1657135319 0.004
1657135319 0.004
1657135320 0.004
1657135320 0.004
1657135321 0.004
1657135321 0.004
1657135321 0.004
1657135322 0.004
1657135322 0.004
1657135322 0.004
1657135323 0.004
1657135323 0.004
1657135323 0.004
1657135324 0.004
1657135325 0.004
1657135326 0.004
1657135326 0.004
1657135326 0.004
1657135327 0.003
1657135327 0.003
1657135327 0.003
1657135328 0.003
1657135328 0.003
1657135328 0.003
1657135329 0.003
1657135329 0.003
1657135329 0.003
1657135330 0.003
1657135330 0.003
1657135330 0.003
1657135331 0.003
1657135331 0.003
1657135332 0.003
1657135332 0.003
1657135332 0.003
1657135333 0.003
1657135333 0.003
1657135333 0.003
1657135334 0.003
1657135334 0.003
1657135334 0.003
1657135335 0.003
1657135335 0.003
1657135335 0.003
1657135336 0.003
1657135337 0.003
1657135337 0.003
1657135337 0.003
1657135338 0.003
1657135338 0.003
1657135338 0.003
1657135339 0.003
1657135339 0.003
1657135339 0.003
1657135340 0.003
1657135340 0.003
1657135340 0.003
1657135341 0.003
1657135341 0.003
1657135341 0.003
1657135342 0.003
1657135342 0.003
1657135343 0.003
1657135343 0.003
1657135343 0.003
1657135344 0.003
1657135344 0.003
1657135344 0.003
1657135345 0.003
1657135345 0.003
1657135345 0.003
1657135346 0.003
1657135346 0.003
1657135346 0.003
1657135347 0.003
1657135347 0.003
1657135348 0.003
1657135349 0.003
1657135349 0.003
1657135349 0.003
1657135350 0.003
1657135350 0.003
1657135350 0.003
1657135351 0.003
1657135351 0.003
1657135351 0.003
1657135352 0.003
1657135352 0.003
1657135352 0.003
1657135353 0.003
1657135353 0.003
1657135353 0.003
1657135354 0.003
1657135354 0.003
1657135354 0.003
1657135355 0.003
1657135355 0.003
1657135355 0.003
1657135356 0.003
1657135356 0.003
1657135357 0.003
1657135357 0.003
1657135357 0.003
1657135358 0.003
1657135358 0.003
1657135358 0.003
1657135359 0.003
1657135359 0.003
1657135360 0.003
1657135360 0.003
1657135361 0.003
1657135361 0.003
1657135362 0.003
1657135362 0.003
1657135362 0.003
1657135363 0.003
1657135363 0.003
1657135363 0.003
1657135364 0.003
1657135364 0.003
1657135364 0.003
1657135365 0.003
1657135365 0.003
1657135366 0.003
1657135366 0.003
1657135366 0.003
1657135367 0.003
1657135367 0.003
1657135367 0.003
1657135368 0.003
1657135368 0.003
1657135368 0.003
1657135369 0.003
1657135369 0.003
1657135369 0.003
1657135370 0.003
1657135370 0.003
1657135370 0.003
1657135371 0.003
1657135372 0.003
1657135372 0.003
1657135373 0.003
1657135373 0.003
1657135374 0.003
1657135374 0.003
1657135375 0.003
1657135375 0.003
1657135375 0.003
1657135376 0.003
1657135376 0.003
1657135377 0.003
1657135377 0.003
1657135377 0.003
1657135378 0.003
1657135378 0.003
1657135379 0.003
1657135379 0.003
1657135379 0.003
1657135380 0.003
1657135380 0.003
1657135380 0.003
1657135381 0.003
1657135381 0.003
1657135382 0.003
1657135382 0.003
1657135382 0.003
1657135383 0.003
1657135383 0.003
1657135383 0.003
1657135384 0.003
1657135384 0.003
1657135384 0.003
1657135385 0.003
1657135386 0.003
1657135386 0.003
1657135387 0.004
1657135387 0.004
1657135387 0.004
1657135388 0.004
1657135388 0.004
1657135388 0.004
1657135389 0.004
1657135389 0.004
1657135389 0.004
1657135390 0.004
1657135390 0.004
1657135390 0.004
1657135391 0.004
1657135391 0.004
1657135392 0.004
1657135392 0.004
1657135392 0.004
1657135393 0.004
1657135393 0.004
1657135393 0.004
1657135394 0.004
1657135394 0.004
1657135394 0.004
1657135395 0.004
1657135395 0.004
1657135395 0.004
1657135396 0.004
1657135396 0.004
1657135396 0.004
1657135397 0.004
1657135398 0.004
1657135398 0.004
1657135399 0.004
1657135399 0.004
1657135399 0.004
1657135400 0.004
1657135400 0.004
1657135401 0.004
1657135402 0.004
1657135402 0.004
1657135402 0.004
1657135403 0.004
1657135403 0.004
1657135404 0.004
1657135404 0.004
1657135404 0.004
1657135405 0.004
1657135405 0.004
1657135405 0.004
1657135406 0.004
1657135406 0.004
1657135406 0.004
1657135407 0.004
1657135407 0.004
1657135407 0.004
1657135408 0.004
1657135408 0.004
1657135409 0.004
1657135409 0.004
1657135410 0.004
1657135410 0.004
1657135411 0.004
1657135411 0.004
1657135411 0.004
1657135412 0.004
1657135412 0.004
1657135412 0.004
1657135413 0.004
1657135413 0.004
1657135414 0.004
1657135414 0.004
1657135414 0.004
1657135415 0.004
1657135415 0.004
1657135415 0.004
1657135416 0.004
1657135416 0.004
1657135416 0.004
1657135417 0.002
1657135417 0.002
1657135418 0.002
1657135418 0.002
1657135418 0.002
1657135419 0.002
1657135419 0.002
1657135419 0.002
1657135420 0.002
1657135420 0.002
1657135421 0.002
1657135421 0.002
1657135422 0.002
1657135422 0.002
1657135422 0.002
1657135423 0.002
1657135423 0.002
1657135424 0.002
1657135424 0.002
1657135424 0.002
1657135425 0.002
1657135425 0.002
1657135425 0.002
1657135426 0.002
1657135426 0.002
1657135426 0.002
1657135427 0.002
1657135427 0.002
1657135427 0.002
1657135428 0.002
1657135428 0.002
1657135429 0.002
1657135429 0.002
1657135429 0.002
1657135430 0.002
1657135430 0.002
1657135430 0.002
1657135431 0.002
1657135431 0.002
1657135431 0.002
1657135432 0.002
1657135432 0.002
1657135432 0.002
1657135433 0.002
1657135434 0.002
1657135434 0.002
1657135435 0.002
1657135436 0.002
1657135436 0.002
1657135437 0.002
1657135437 0.002
1657135437 0.002
1657135438 0.002
1657135438 0.002
1657135438 0.002
1657135439 0.002
1657135439 0.002
1657135440 0.002
1657135440 0.002
1657135440 0.002
1657135441 0.002
1657135441 0.002
1657135441 0.002
1657135442 0.002
1657135442 0.002
1657135442 0.002
1657135443 0.002
1657135443 0.002
1657135444 0.002
1657135444 0.002
1657135444 0.002
1657135445 0.002
1657135445 0.002
1657135445 0.002
1657135446 0.002
1657135446 0.002
1657135446 0.002
1657135447 0.004
1657135447 0.004
1657135448 0.004
1657135448 0.004
1657135449 0.004
1657135449 0.004
1657135449 0.004
1657135450 0.004
1657135450 0.004
1657135451 0.004
1657135451 0.004
1657135451 0.004
1657135452 0.004
1657135452 0.004
1657135452 0.004
1657135453 0.004
1657135453 0.004
1657135453 0.004
1657135454 0.004
1657135454 0.004
1657135454 0.004
1657135455 0.004
1657135455 0.004
1657135455 0.004
1657135456 0.004
1657135456 0.004
1657135456 0.004
1657135457 0.004
1657135457 0.004
1657135458 0.004
1657135458 0.004
1657135458 0.004
1657135459 0.004
1657135459 0.004
1657135460 0.004
1657135460 0.004
1657135461 0.004
1657135461 0.004
1657135462 0.004
1657135462 0.004
1657135462 0.004
1657135463 0.004
1657135463 0.004
1657135463 0.004
1657135464 0.004
1657135464 0.004
1657135464 0.004
1657135465 0.004
1657135465 0.004
1657135465 0.004
1657135466 0.004
1657135466 0.004
1657135466 0.004
1657135467 0.004
1657135467 0.004
1657135468 0.004
1657135468 0.004
1657135469 0.004
1657135469 0.004
1657135469 0.004
1657135470 0.004
1657135470 0.004
1657135470 0.004
1657135471 0.004
1657135472 0.004
1657135472 0.004