1657135207 73.433
1657135207 73.433
1657135207 73.433
1657135208 73.433
1657135208 73.433
1657135208 73.433
1657135209 73.433
1657135209 73.433
1657135209 73.433
1657135210 73.433
1657135210 73.433
1657135210 73.433
1657135211 73.433
1657135211 73.433
1657135212 73.433
1657135212 73.433
1657135213 73.433
1657135213 73.433
1657135214 73.433
1657135214 73.433
1657135214 73.433
1657135215 73.433
1657135215 73.433
1657135215 73.433
1657135216 73.433
1657135216 73.433
1657135216 73.433
1657135217 73.433
1657135217 73.433
1657135218 73.433
1657135218 73.433
1657135218 73.433
1657135219 73.433
1657135219 73.433
1657135219 73.433
1657135220 73.433
1657135220 73.433
1657135220 73.433
1657135221 73.433
1657135221 73.433
1657135222 73.433
1657135222 73.433
1657135222 73.433
1657135223 73.433
1657135223 73.433
1657135223 73.433
1657135224 73.433
1657135224 73.433
1657135225 73.433
1657135225 73.433
1657135226 73.433
1657135226 73.433
1657135227 73.433
1657135227 73.433
1657135228 73.433
1657135228 73.433
1657135228 73.433
1657135229 73.433
1657135229 73.433
1657135229 73.433
1657135230 73.433
1657135230 73.433
1657135230 73.433
1657135231 73.433
1657135231 73.433
1657135231 73.433
1657135232 73.433
1657135232 73.433
1657135232 73.433
1657135233 73.433
1657135233 73.433
1657135233 73.433
1657135234 73.433
1657135234 73.433
1657135234 73.433
1657135236 73.433
1657135237 74.387
1657135237 74.387
1657135238 74.387
1657135238 74.387
1657135238 74.387
1657135239 74.387
1657135239 74.387
1657135239 74.387
1657135240 74.387
1657135240 74.387
1657135240 74.387
1657135241 74.387
1657135241 74.387
1657135241 74.387
1657135242 74.387
1657135242 74.387
1657135242 74.387
1657135243 74.387
1657135243 74.387
1657135243 74.387
1657135244 74.387
1657135244 74.387
1657135244 74.387
1657135245 74.387
1657135245 74.387
1657135246 74.387
1657135246 74.387
1657135246 74.387
1657135247 74.387
1657135247 74.387
1657135247 74.387
1657135248 74.387
1657135248 74.387
1657135249 74.387
1657135250 74.387
1657135250 74.387
1657135251 74.387
1657135251 74.387
1657135252 74.387
1657135252 74.387
1657135252 74.387
1657135253 74.387
1657135253 74.387
1657135253 74.387
1657135254 74.387
1657135254 74.387
1657135254 74.387
1657135255 74.387
1657135255 74.387
1657135256 74.387
1657135256 74.387
1657135256 74.387
1657135257 74.387
1657135257 74.387
1657135257 74.387
1657135258 74.387
1657135258 74.387
1657135259 74.387
1657135259 74.387
1657135259 74.387
1657135260 74.387
1657135260 74.387
1657135260 74.387
1657135261 74.387
1657135261 74.387
1657135261 74.387
1657135262 74.387
1657135263 74.387
1657135263 74.387
1657135264 74.387
1657135264 74.387
1657135264 74.387
1657135265 74.387
1657135265 74.387
1657135265 74.387
1657135266 74.387
1657135266 74.387
1657135266 74.387
1657135267 75.340
1657135267 75.340
1657135267 75.340
1657135268 75.340
1657135268 75.340
1657135268 75.340
1657135269 75.340
1657135269 75.340
1657135269 75.340
1657135270 75.340
1657135270 75.340
1657135270 75.340
1657135271 75.340
1657135271 75.340
1657135272 75.340
1657135272 75.340
1657135272 75.340
1657135273 75.340
1657135273 75.340
1657135273 75.340
1657135274 75.340
1657135274 75.340
1657135275 75.340
1657135275 75.340
1657135276 75.340
1657135276 75.340
1657135276 75.340
1657135277 75.340
1657135277 75.340
1657135277 75.340
1657135278 75.340
1657135278 75.340
1657135278 75.340
1657135279 75.340
1657135279 75.340
1657135279 75.340
1657135280 75.340
1657135280 75.340
1657135280 75.340
1657135281 75.340
1657135281 75.340
1657135282 75.340
1657135282 75.340
1657135282 75.340
1657135283 75.340
1657135283 75.340
1657135283 75.340
1657135284 75.340
1657135284 75.340
1657135284 75.340
1657135285 75.340
1657135285 75.340
1657135285 75.340
1657135286 75.340
1657135286 75.340
1657135287 75.340
1657135287 75.340
1657135288 75.340
1657135288 75.340
1657135289 75.340
1657135289 75.340
1657135289 75.340
1657135290 75.340
1657135290 75.340
1657135290 75.340
1657135291 75.340
1657135291 75.340
1657135292 75.340
1657135292 75.340
1657135292 75.340
1657135293 75.340
1657135293 75.340
1657135293 75.340
1657135294 75.340
1657135294 75.340
1657135294 75.340
1657135295 75.340
1657135295 75.340
1657135295 75.340
1657135296 75.340
1657135296 75.340
1657135296 77.248
1657135297 77.248
1657135297 77.248
1657135298 77.248
1657135298 77.248
1657135299 77.248
1657135299 77.248
1657135300 77.248
1657135300 77.248
1657135300 77.248
1657135301 77.248
1657135301 77.248
1657135301 77.248
1657135302 77.248
1657135302 77.248
1657135303 77.248
1657135303 77.248
1657135303 77.248
1657135304 77.248
1657135304 77.248
1657135304 77.248
1657135305 77.248
1657135305 77.248
1657135305 77.248
1657135306 77.248
1657135306 77.248
1657135306 77.248
1657135307 77.248
1657135307 77.248
1657135307 77.248
1657135308 77.248
1657135308 77.248
1657135308 77.248
1657135309 77.248
1657135309 77.248
1657135309 77.248
1657135310 77.248
1657135311 77.248
1657135311 77.248
1657135312 77.248
1657135312 77.248
1657135313 77.248
1657135313 77.248
1657135314 77.248
1657135314 77.248
1657135314 77.248
1657135315 77.248
1657135315 77.248
1657135315 77.248
1657135316 77.248
1657135316 77.248
1657135316 77.248
1657135317 77.248
1657135317 77.248
1657135317 77.248
1657135318 77.248
1657135318 77.248
1657135319 77.248
1657135319 77.248
1657135319 77.248
1657135320 77.248
1657135320 77.248
1657135321 77.248
1657135321 77.248
1657135321 77.248
1657135322 77.248
1657135322 77.248
1657135322 77.248
1657135323 77.248
1657135323 77.248
1657135323 77.248
1657135324 77.248
1657135325 77.248
1657135326 77.248
1657135326 77.248
1657135326 77.248
1657135327 78.201
1657135327 78.201
1657135327 78.201
1657135328 78.201
1657135328 78.201
1657135328 78.201
1657135329 78.201
1657135329 78.201
1657135329 78.201
1657135330 78.201
1657135330 78.201
1657135330 78.201
1657135331 78.201
1657135331 78.201
1657135332 78.201
1657135332 78.201
1657135332 78.201
1657135333 78.201
1657135333 78.201
1657135333 78.201
1657135334 78.201
1657135334 78.201
1657135334 78.201
1657135335 78.201
1657135335 78.201
1657135335 78.201
1657135336 78.201
1657135337 78.201
1657135337 78.201
1657135337 78.201
1657135338 78.201
1657135338 78.201
1657135338 78.201
1657135339 78.201
1657135339 78.201
1657135339 78.201
1657135340 78.201
1657135340 78.201
1657135340 78.201
1657135341 78.201
1657135341 78.201
1657135341 78.201
1657135342 78.201
1657135342 78.201
1657135343 78.201
1657135343 78.201
1657135343 78.201
1657135344 78.201
1657135344 78.201
1657135344 78.201
1657135345 78.201
1657135345 78.201
1657135345 78.201
1657135346 78.201
1657135346 78.201
1657135346 78.201
1657135347 78.201
1657135347 78.201
1657135348 78.201
1657135349 78.201
1657135349 78.201
1657135349 78.201
1657135350 78.201
1657135350 78.201
1657135350 78.201
1657135351 78.201
1657135351 78.201
1657135351 78.201
1657135352 78.201
1657135352 78.201
1657135352 78.201
1657135353 78.201
1657135353 78.201
1657135353 78.201
1657135354 78.201
1657135354 78.201
1657135354 78.201
1657135355 78.201
1657135355 78.201
1657135355 78.201
1657135356 78.201
1657135356 78.201
1657135357 78.201
1657135357 78.201
1657135357 78.201
1657135358 78.201
1657135358 78.201
1657135358 78.201
1657135359 78.201
1657135359 78.201
1657135360 78.201
1657135360 78.201
1657135361 78.201
1657135361 78.201
1657135362 78.201
1657135362 78.201
1657135362 78.201
1657135363 78.201
1657135363 78.201
1657135363 78.201
1657135364 78.201
1657135364 78.201
1657135364 78.201
1657135365 78.201
1657135365 78.201
1657135366 78.201
1657135366 78.201
1657135366 78.201
1657135367 78.201
1657135367 78.201
1657135367 78.201
1657135368 78.201
1657135368 78.201
1657135368 78.201
1657135369 78.201
1657135369 78.201
1657135369 78.201
1657135370 78.201
1657135370 78.201
1657135370 78.201
1657135371 78.201
1657135372 78.201
1657135372 78.201
1657135373 78.201
1657135373 78.201
1657135374 78.201
1657135374 78.201
1657135375 78.201
1657135375 78.201
1657135375 78.201
1657135376 78.201
1657135376 78.201
1657135377 78.201
1657135377 78.201
1657135377 78.201
1657135378 78.201
1657135378 78.201
1657135379 78.201
1657135379 78.201
1657135379 78.201
1657135380 78.201
1657135380 78.201
1657135380 78.201
1657135381 78.201
1657135381 78.201
1657135382 78.201
1657135382 78.201
1657135382 78.201
1657135383 78.201
1657135383 78.201
1657135383 78.201
1657135384 78.201
1657135384 78.201
1657135384 78.201
1657135385 78.201
1657135386 78.201
1657135386 78.201
1657135387 79.155
1657135387 79.155
1657135387 79.155
1657135388 79.155
1657135388 79.155
1657135388 79.155
1657135389 79.155
1657135389 79.155
1657135389 79.155
1657135390 79.155
1657135390 79.155
1657135390 79.155
1657135391 79.155
1657135391 79.155
1657135392 79.155
1657135392 79.155
1657135392 79.155
1657135393 79.155
1657135393 79.155
1657135393 79.155
1657135394 79.155
1657135394 79.155
1657135394 79.155
1657135395 79.155
1657135395 79.155
1657135395 79.155
1657135396 79.155
1657135396 79.155
1657135396 79.155
1657135397 79.155
1657135398 79.155
1657135398 79.155
1657135399 79.155
1657135399 79.155
1657135399 79.155
1657135400 79.155
1657135400 79.155
1657135401 79.155
1657135402 79.155
1657135402 79.155
1657135402 79.155
1657135403 79.155
1657135403 79.155
1657135404 79.155
1657135404 79.155
1657135404 79.155
1657135405 79.155
1657135405 79.155
1657135405 79.155
1657135406 79.155
1657135406 79.155
1657135406 79.155
1657135407 79.155
1657135407 79.155
1657135407 79.155
1657135408 79.155
1657135408 79.155
1657135409 79.155
1657135409 79.155
1657135410 79.155
1657135410 79.155
1657135411 79.155
1657135411 79.155
1657135411 79.155
1657135412 79.155
1657135412 79.155
1657135412 79.155
1657135413 79.155
1657135413 79.155
1657135414 79.155
1657135414 79.155
1657135414 79.155
1657135415 79.155
1657135415 79.155
1657135415 79.155
1657135416 79.155
1657135416 79.155
1657135416 79.155
1657135417 80.109
1657135417 80.109
1657135418 80.109
1657135418 80.109
1657135418 80.109
1657135419 80.109
1657135419 80.109
1657135419 80.109
1657135420 80.109
1657135420 80.109
1657135421 80.109
1657135421 80.109
1657135422 80.109
1657135422 80.109
1657135422 80.109
1657135423 80.109
1657135423 80.109
1657135424 80.109
1657135424 80.109
1657135424 80.109
1657135425 80.109
1657135425 80.109
1657135425 80.109
1657135426 80.109
1657135426 80.109
1657135426 80.109
1657135427 80.109
1657135427 80.109
1657135427 80.109
1657135428 80.109
1657135428 80.109
1657135429 80.109
1657135429 80.109
1657135429 80.109
1657135430 80.109
1657135430 80.109
1657135430 80.109
1657135431 80.109
1657135431 80.109
1657135431 80.109
1657135432 80.109
1657135432 80.109
1657135432 80.109
1657135433 80.109
1657135434 80.109
1657135434 80.109
1657135435 80.109
1657135436 80.109
1657135436 80.109
1657135437 80.109
1657135437 80.109
1657135437 80.109
1657135438 80.109
1657135438 80.109
1657135438 80.109
1657135439 80.109
1657135439 80.109
1657135440 80.109
1657135440 80.109
1657135440 80.109
1657135441 80.109
1657135441 80.109
1657135441 80.109
1657135442 80.109
1657135442 80.109
1657135442 80.109
1657135443 80.109
1657135443 80.109
1657135444 80.109
1657135444 80.109
1657135444 80.109
1657135445 80.109
1657135445 80.109
1657135445 80.109
1657135446 80.109
1657135446 80.109
1657135446 80.109
1657135447 80.109
1657135447 80.109
1657135448 80.109
1657135448 80.109
1657135449 80.109
1657135449 80.109
1657135449 80.109
1657135450 80.109
1657135450 80.109
1657135451 80.109
1657135451 80.109
1657135451 80.109
1657135452 80.109
1657135452 80.109
1657135452 80.109
1657135453 80.109
1657135453 80.109
1657135453 80.109
1657135454 80.109
1657135454 80.109
1657135454 80.109
1657135455 80.109
1657135455 80.109
1657135455 80.109
1657135456 80.109
1657135456 80.109
1657135456 80.109
1657135457 80.109
1657135457 80.109
1657135458 80.109
1657135458 80.109
1657135458 80.109
1657135459 80.109
1657135459 80.109
1657135460 80.109
1657135460 80.109
1657135461 80.109
1657135461 80.109
1657135462 80.109
1657135462 80.109
1657135462 80.109
1657135463 80.109
1657135463 80.109
1657135463 80.109
1657135464 80.109
1657135464 80.109
1657135464 80.109
1657135465 80.109
1657135465 80.109
1657135465 80.109
1657135466 80.109
1657135466 80.109
1657135466 80.109
1657135467 80.109
1657135467 80.109
1657135468 80.109
1657135468 80.109
1657135469 80.109
1657135469 80.109
1657135469 80.109
1657135470 80.109
1657135470 80.109
1657135470 80.109
1657135471 80.109
1657135472 80.109
1657135472 80.109