1657140547 95.367
1657140547 95.367
1657140547 95.367
1657140548 95.367
1657140548 95.367
1657140548 95.367
1657140549 95.367
1657140549 95.367
1657140549 95.367
1657140550 95.367
1657140550 95.367
1657140550 95.367
1657140551 95.367
1657140551 95.367
1657140551 95.367
1657140552 95.367
1657140552 95.367
1657140553 95.367
1657140554 95.367
1657140554 95.367
1657140555 95.367
1657140555 95.367
1657140556 95.367
1657140556 95.367
1657140556 95.367
1657140557 95.367
1657140557 95.367
1657140558 95.367
1657140558 95.367
1657140558 95.367
1657140559 95.367
1657140559 95.367
1657140559 95.367
1657140560 95.367
1657140560 95.367
1657140560 95.367
1657140561 95.367
1657140561 95.367
1657140561 95.367
1657140562 95.367
1657140562 95.367
1657140563 95.367
1657140563 95.367
1657140563 95.367
1657140564 95.367
1657140564 95.367
1657140564 95.367
1657140565 95.367
1657140565 95.367
1657140565 95.367
1657140565 95.367
1657140566 95.367
1657140567 95.367
1657140567 95.367
1657140567 95.367
1657140568 95.367
1657140568 95.367
1657140568 95.367
1657140569 95.367
1657140569 95.367
1657140569 95.367
1657140570 95.367
1657140570 95.367
1657140570 95.367
1657140571 95.367
1657140571 95.367
1657140571 95.367
1657140572 95.367
1657140572 95.367
1657140572 95.367
1657140573 95.367
1657140573 95.367
1657140573 95.367
1657140574 95.367
1657140574 95.367
1657140574 95.367
1657140575 95.367
1657140575 95.367
1657140575 95.367
1657140576 95.367
1657140576 95.367
1657140576 95.367
1657140577 95.367
1657140578 95.367
1657140578 95.367
1657140578 95.367
1657140578 95.367
1657140579 95.367
1657140579 95.367
1657140580 95.367
1657140580 95.367
1657140580 95.367
1657140580 95.367
1657140581 95.367
1657140581 95.367
1657140582 95.367
1657140582 95.367
1657140582 95.367
1657140583 95.367
1657140583 95.367
1657140583 95.367
1657140584 95.367
1657140584 95.367
1657140584 95.367
1657140585 95.367
1657140585 95.367
1657140585 95.367
1657140587 95.367
1657140587 95.367
1657140587 95.367
1657140588 95.367
1657140588 95.367
1657140589 95.367
1657140589 95.367
1657140589 95.367
1657140590 95.367
1657140590 95.367
1657140591 95.367
1657140591 95.367
1657140591 95.367
1657140592 95.367
1657140592 95.367
1657140592 95.367
1657140593 95.367
1657140593 95.367
1657140593 95.367
1657140594 95.367
1657140594 95.367
1657140594 95.367
1657140595 95.367
1657140595 95.367
1657140595 95.367
1657140596 95.367
1657140596 95.367
1657140596 95.367
1657140597 95.367
1657140600 95.367
1657140600 95.367
1657140601 95.367
1657140601 95.367
1657140601 95.367
1657140602 95.367
1657140602 95.367
1657140602 95.367
1657140603 95.367
1657140603 95.367
1657140603 95.367
1657140604 95.367
1657140604 95.367
1657140604 95.367
1657140605 95.367
1657140605 95.367
1657140606 95.367
1657140606 95.367
1657140606 95.367
1657140607 95.367
1657140607 95.367
1657140607 95.367
1657140607 95.367
1657140608 95.367
1657140608 95.367
1657140608 95.367
1657140609 95.367
1657140609 95.367
1657140609 95.367
1657140610 95.367
1657140610 95.367
1657140610 95.367
1657140611 95.367
1657140612 95.367
1657140612 95.367
1657140613 95.367
1657140614 95.367
1657140614 95.367
1657140614 95.367
1657140616 95.367
1657140616 95.367
1657140616 95.367
1657140617 95.367
1657140617 95.367
1657140618 95.367
1657140618 95.367
1657140618 95.367
1657140619 95.367
1657140619 95.367
1657140619 95.367
1657140620 95.367
1657140620 95.367
1657140620 95.367
1657140621 95.367
1657140621 95.367
1657140621 95.367
1657140622 95.367
1657140622 95.367
1657140622 95.367
1657140623 95.367
1657140623 95.367
1657140623 95.367
1657140624 95.367
1657140624 95.367
1657140624 95.367
1657140625 95.367
1657140626 95.367
1657140626 95.367
1657140626 95.367
1657140626 95.367
1657140627 95.367
1657140627 95.367
1657140628 95.367
1657140628 95.367
1657140628 95.367
1657140629 95.367
1657140629 95.367
1657140629 95.367
1657140630 95.367
1657140630 95.367
1657140630 95.367
1657140631 95.367
1657140631 95.367
1657140631 95.367
1657140632 95.367
1657140633 95.367
1657140633 95.367
1657140634 95.367
1657140634 95.367
1657140634 95.367
1657140635 95.367
1657140635 95.367
1657140635 95.367
1657140636 95.367
1657140636 95.367
1657140637 101.089
1657140637 101.089
1657140637 101.089
1657140638 101.089
1657140638 101.089
1657140638 101.089
1657140639 101.089
1657140639 101.089
1657140639 101.089
1657140640 101.089
1657140640 101.089
1657140640 101.089
1657140641 101.089
1657140641 101.089
1657140641 101.089
1657140642 101.089
1657140642 101.089
1657140642 101.089
1657140643 101.089
1657140643 101.089
1657140644 101.089
1657140644 101.089
1657140644 101.089
1657140645 101.089
1657140645 101.089
1657140645 101.089
1657140646 101.089
1657140646 101.089
1657140646 101.089
1657140647 101.089
1657140647 101.089
1657140648 101.089
1657140648 101.089
1657140648 101.089
1657140649 101.089
1657140649 101.089
1657140649 101.089
1657140650 101.089
1657140650 101.089
1657140650 101.089
1657140651 101.089
1657140651 101.089
1657140651 101.089
1657140652 101.089
1657140652 101.089
1657140652 101.089
1657140653 101.089
1657140653 101.089
1657140653 101.089
1657140654 101.089
1657140654 101.089
1657140654 101.089
1657140655 101.089
1657140655 101.089
1657140655 101.089
1657140656 101.089
1657140656 101.089
1657140657 101.089
1657140657 101.089
1657140657 101.089
1657140658 101.089
1657140659 101.089
1657140659 101.089
1657140660 101.089
1657140660 101.089
1657140660 101.089
1657140661 101.089
1657140661 101.089
1657140661 101.089
1657140662 101.089
1657140662 101.089
1657140662 101.089
1657140663 101.089
1657140663 101.089
1657140664 101.089
1657140664 101.089
1657140664 101.089
1657140665 101.089
1657140665 101.089
1657140665 101.089
1657140666 101.089
1657140666 101.089
1657140667 101.089
1657140667 237.465
1657140667 237.465
1657140667 237.465
1657140668 237.465
1657140668 237.465
1657140668 237.465
1657140669 237.465
1657140669 237.465
1657140669 237.465
1657140670 237.465
1657140671 237.465
1657140671 237.465
1657140672 237.465
1657140673 237.465
1657140674 237.465
1657140675 237.465
1657140675 237.465
1657140675 237.465
1657140676 237.465
1657140676 237.465
1657140676 237.465
1657140677 237.465
1657140677 237.465
1657140677 237.465
1657140678 237.465
1657140678 237.465
1657140678 237.465
1657140679 237.465
1657140679 237.465
1657140680 237.465
1657140680 237.465
1657140680 237.465
1657140680 237.465
1657140681 237.465
1657140681 237.465
1657140682 237.465
1657140682 237.465
1657140682 237.465
1657140683 237.465
1657140683 237.465
1657140683 237.465
1657140684 237.465
1657140684 237.465
1657140685 237.465
1657140685 237.465
1657140685 237.465
1657140686 237.465
1657140686 237.465
1657140686 237.465
1657140687 237.465
1657140687 237.465
1657140687 237.465
1657140688 237.465
1657140688 237.465
1657140689 237.465
1657140689 237.465
1657140689 237.465
1657140690 237.465
1657140690 237.465
1657140690 237.465
1657140691 237.465
1657140691 237.465
1657140691 237.465
1657140692 237.465
1657140692 237.465
1657140692 237.465
1657140693 237.465
1657140693 237.465
1657140693 237.465
1657140694 237.465
1657140694 237.465
1657140694 237.465
1657140695 237.465
1657140695 237.465
1657140695 237.465
1657140696 237.465
1657140696 237.465
1657140697 234.604
1657140697 234.604
1657140698 234.604
1657140698 234.604
1657140699 234.604
1657140699 234.604
1657140699 234.604
1657140700 234.604
1657140700 234.604
1657140700 234.604
1657140701 234.604
1657140701 234.604
1657140701 234.604
1657140702 234.604
1657140702 234.604
1657140702 234.604
1657140703 234.604
1657140703 234.604
1657140703 234.604
1657140704 234.604
1657140704 234.604
1657140704 234.604
1657140705 234.604
1657140705 234.604
1657140705 234.604
1657140706 234.604
1657140706 234.604
1657140706 234.604
1657140707 234.604
1657140707 234.604
1657140708 234.604
1657140708 234.604
1657140709 234.604
1657140709 234.604
1657140709 234.604
1657140710 234.604
1657140710 234.604
1657140710 234.604
1657140711 234.604
1657140711 234.604
1657140711 234.604
1657140712 234.604
1657140713 234.604
1657140713 234.604
1657140714 234.604
1657140714 234.604
1657140714 234.604
1657140715 234.604
1657140715 234.604
1657140716 234.604
1657140716 234.604
1657140716 234.604
1657140717 234.604
1657140717 234.604
1657140717 234.604
1657140718 234.604
1657140718 234.604
1657140719 234.604
1657140719 234.604
1657140720 234.604
1657140720 234.604
1657140720 234.604
1657140721 234.604
1657140721 234.604
1657140721 234.604
1657140722 234.604
1657140722 234.604
1657140722 234.604
1657140723 234.604
1657140723 234.604
1657140723 234.604
1657140724 234.604
1657140724 234.604
1657140724 234.604
1657140725 234.604
1657140725 234.604
1657140725 234.604
1657140726 234.604
1657140726 234.604
1657140726 234.604
1657140727 206.947
1657140727 206.947
1657140728 206.947
1657140728 206.947
1657140728 206.947
1657140728 206.947
1657140729 206.947
1657140729 206.947
1657140730 206.947
1657140730 206.947
1657140731 206.947
1657140731 206.947
1657140732 206.947
1657140733 206.947
1657140733 206.947
1657140734 206.947
1657140734 206.947
1657140734 206.947
1657140735 206.947
1657140735 206.947
1657140735 206.947
1657140736 206.947
1657140736 206.947
1657140736 206.947
1657140736 206.947
1657140737 206.947
1657140737 206.947
1657140738 206.947
1657140738 206.947
1657140738 206.947
1657140738 206.947
1657140739 206.947
1657140739 206.947
1657140739 206.947
1657140740 206.947
1657140740 206.947
1657140741 206.947
1657140741 206.947
1657140741 206.947
1657140742 206.947
1657140742 206.947
1657140742 206.947
1657140743 206.947
1657140743 206.947
1657140743 206.947
1657140744 206.947
1657140744 206.947
1657140745 206.947
1657140745 206.947
1657140745 206.947
1657140746 206.947
1657140746 206.947
1657140747 206.947
1657140747 206.947
1657140747 206.947
1657140748 206.947
1657140748 206.947
1657140749 206.947
1657140749 206.947
1657140749 206.947
1657140750 206.947
1657140750 206.947
1657140750 206.947
1657140751 206.947
1657140751 206.947
1657140752 206.947
1657140752 206.947
1657140752 206.947
1657140753 206.947
1657140753 206.947
1657140753 206.947
1657140754 206.947
1657140754 206.947
1657140754 206.947
1657140755 206.947
1657140755 206.947
1657140756 206.947
1657140756 206.947
1657140756 206.947
1657140757 153.542
1657140757 153.542
1657140758 153.542
1657140758 153.542
1657140758 153.542
1657140758 153.542
1657140759 153.542
1657140759 153.542
1657140759 153.542
1657140760 153.542
1657140760 153.542
1657140760 153.542
1657140761 153.542
1657140761 153.542
1657140761 153.542
1657140762 153.542
1657140762 153.542
1657140762 153.542
1657140763 153.542
1657140763 153.542
1657140763 153.542
1657140764 153.542
1657140764 153.542
1657140764 153.542
1657140764 153.542
1657140765 153.542
1657140765 153.542
1657140766 153.542
1657140766 153.542
1657140767 153.542
1657140767 153.542
1657140767 153.542
1657140768 153.542
1657140768 153.542
1657140768 153.542
1657140769 153.542
1657140769 153.542
1657140769 153.542
1657140770 153.542
1657140770 153.542
1657140770 153.542
1657140771 153.542
1657140771 153.542
1657140771 153.542
1657140772 153.542
1657140772 153.542
1657140772 153.542
1657140773 153.542
1657140773 153.542
1657140773 153.542
1657140774 153.542
1657140774 153.542
1657140774 153.542
1657140775 153.542
1657140775 153.542
1657140775 153.542
1657140776 153.542
1657140776 153.542
1657140776 153.542
1657140777 153.542
1657140777 153.542
1657140778 153.542
1657140778 153.542
1657140779 153.542
1657140779 153.542
1657140779 153.542
1657140780 153.542
1657140780 153.542
1657140780 153.542
1657140781 153.542
1657140781 153.542
1657140781 153.542
1657140782 153.542
1657140782 153.542
1657140782 153.542
1657140783 153.542
1657140783 153.542
1657140783 153.542
1657140784 153.542
1657140784 153.542
1657140784 153.542
1657140785 153.542
1657140785 153.542
1657140785 153.542
1657140786 153.542
1657140786 153.542
1657140786 153.542
1657140787 192.642
1657140787 192.642
1657140787 192.642
1657140788 192.642
1657140788 192.642
1657140789 192.642
1657140790 192.642
1657140791 192.642
1657140791 192.642
1657140791 192.642
1657140792 192.642
1657140792 192.642
1657140792 192.642
1657140793 192.642
1657140793 192.642
1657140793 192.642
1657140794 192.642
1657140794 192.642
1657140794 192.642
1657140795 192.642
1657140795 192.642
1657140795 192.642
1657140796 192.642
1657140796 192.642
1657140796 192.642
1657140797 192.642
1657140797 192.642
1657140797 192.642
1657140798 192.642
1657140798 192.642
1657140798 192.642
1657140799 192.642
1657140799 192.642
1657140799 192.642
1657140800 192.642
1657140800 192.642
1657140800 192.642