1657137397 83.923
1657137397 83.923
1657137397 83.923
1657137398 83.923
1657137398 83.923
1657137398 83.923
1657137399 83.923
1657137399 83.923
1657137399 83.923
1657137400 83.923
1657137400 83.923
1657137400 83.923
1657137401 83.923
1657137401 83.923
1657137401 83.923
1657137402 83.923
1657137402 83.923
1657137403 83.923
1657137403 83.923
1657137403 83.923
1657137404 83.923
1657137404 83.923
1657137405 83.923
1657137405 83.923
1657137405 83.923
1657137406 83.923
1657137406 83.923
1657137406 83.923
1657137407 83.923
1657137407 83.923
1657137407 83.923
1657137408 83.923
1657137408 83.923
1657137409 83.923
1657137409 83.923
1657137410 83.923
1657137410 83.923
1657137410 83.923
1657137411 83.923
1657137411 83.923
1657137411 83.923
1657137412 83.923
1657137412 83.923
1657137412 83.923
1657137413 83.923
1657137413 83.923
1657137413 83.923
1657137414 83.923
1657137414 83.923
1657137415 83.923
1657137415 83.923
1657137416 83.923
1657137416 83.923
1657137417 83.923
1657137417 83.923
1657137418 83.923
1657137418 83.923
1657137419 83.923
1657137419 83.923
1657137419 83.923
1657137420 83.923
1657137420 83.923
1657137420 83.923
1657137421 83.923
1657137421 83.923
1657137421 83.923
1657137422 83.923
1657137422 83.923
1657137422 83.923
1657137423 83.923
1657137423 83.923
1657137423 83.923
1657137424 83.923
1657137424 83.923
1657137424 83.923
1657137425 83.923
1657137425 83.923
1657137425 83.923
1657137426 83.923
1657137426 83.923
1657137427 148.773
1657137427 148.773
1657137428 148.773
1657137428 148.773
1657137429 148.773
1657137429 148.773
1657137430 148.773
1657137430 148.773
1657137430 148.773
1657137430 148.773
1657137431 148.773
1657137431 148.773
1657137431 148.773
1657137432 148.773
1657137432 148.773
1657137433 148.773
1657137433 148.773
1657137433 148.773
1657137434 148.773
1657137434 148.773
1657137434 148.773
1657137435 148.773
1657137435 148.773
1657137435 148.773
1657137436 148.773
1657137436 148.773
1657137436 148.773
1657137437 148.773
1657137437 148.773
1657137437 148.773
1657137438 148.773
1657137438 148.773
1657137438 148.773
1657137439 148.773
1657137439 148.773
1657137439 148.773
1657137440 148.773
1657137440 148.773
1657137441 148.773
1657137442 148.773
1657137442 148.773
1657137443 148.773
1657137443 148.773
1657137444 148.773
1657137444 148.773
1657137444 148.773
1657137445 148.773
1657137445 148.773
1657137445 148.773
1657137446 148.773
1657137446 148.773
1657137446 148.773
1657137447 148.773
1657137447 148.773
1657137447 148.773
1657137448 148.773
1657137448 148.773
1657137449 148.773
1657137449 148.773
1657137449 148.773
1657137450 148.773
1657137450 148.773
1657137450 148.773
1657137451 148.773
1657137451 148.773
1657137451 148.773
1657137452 148.773
1657137452 148.773
1657137452 148.773
1657137453 148.773
1657137453 148.773
1657137454 148.773
1657137454 148.773
1657137455 148.773
1657137455 148.773
1657137455 148.773
1657137456 148.773
1657137456 148.773
1657137456 148.773
1657137457 148.773
1657137457 226.974
1657137457 226.974
1657137458 226.974
1657137458 226.974
1657137459 226.974
1657137459 226.974
1657137459 226.974
1657137460 226.974
1657137460 226.974
1657137460 226.974
1657137461 226.974
1657137461 226.974
1657137461 226.974
1657137462 226.974
1657137462 226.974
1657137462 226.974
1657137463 226.974
1657137463 226.974
1657137463 226.974
1657137464 226.974
1657137464 226.974
1657137465 226.974
1657137465 226.974
1657137466 226.974
1657137466 226.974
1657137466 226.974
1657137467 226.974
1657137467 226.974
1657137468 226.974
1657137468 226.974
1657137468 226.974
1657137469 226.974
1657137469 226.974
1657137469 226.974
1657137470 226.974
1657137470 226.974
1657137470 226.974
1657137471 226.974
1657137471 226.974
1657137471 226.974
1657137472 226.974
1657137472 226.974
1657137472 226.974
1657137473 226.974
1657137473 226.974
1657137473 226.974
1657137474 226.974
1657137474 226.974
1657137475 226.974
1657137475 226.974
1657137475 226.974
1657137476 226.974
1657137476 226.974
1657137476 226.974
1657137476 226.974
1657137477 226.974
1657137478 226.974
1657137478 226.974
1657137479 226.974
1657137479 226.974
1657137479 226.974
1657137480 226.974
1657137480 226.974
1657137481 226.974
1657137481 226.974
1657137481 226.974
1657137482 226.974
1657137482 226.974
1657137482 226.974
1657137483 226.974
1657137483 226.974
1657137483 226.974
1657137484 226.974
1657137484 226.974
1657137484 226.974
1657137485 226.974
1657137485 226.974
1657137485 226.974
1657137486 226.974
1657137486 226.974
1657137486 226.974
1657137487 291.824
1657137487 291.824
1657137487 291.824
1657137488 291.824
1657137488 291.824
1657137488 291.824
1657137489 291.824
1657137489 291.824
1657137490 291.824
1657137490 291.824
1657137491 291.824
1657137491 291.824
1657137491 291.824
1657137492 291.824
1657137492 291.824
1657137492 291.824
1657137493 291.824
1657137493 291.824
1657137494 291.824
1657137494 291.824
1657137494 291.824
1657137495 291.824
1657137495 291.824
1657137495 291.824
1657137496 291.824
1657137496 291.824
1657137496 291.824
1657137497 291.824
1657137497 291.824
1657137497 291.824
1657137498 291.824
1657137498 291.824
1657137498 291.824
1657137499 291.824
1657137499 291.824
1657137499 291.824
1657137500 291.824
1657137500 291.824
1657137501 291.824
1657137501 291.824
1657137502 291.824
1657137502 291.824
1657137503 291.824
1657137504 291.824
1657137504 291.824
1657137505 291.824
1657137505 291.824
1657137505 291.824
1657137506 291.824
1657137506 291.824
1657137506 291.824
1657137507 291.824
1657137507 291.824
1657137508 291.824
1657137508 291.824
1657137508 291.824
1657137509 291.824
1657137509 291.824
1657137509 291.824
1657137510 291.824
1657137510 291.824
1657137510 291.824
1657137511 291.824
1657137511 291.824
1657137512 291.824
1657137512 291.824
1657137512 291.824
1657137512 291.824
1657137513 291.824
1657137513 291.824
1657137515 291.824
1657137515 291.824
1657137516 291.824
1657137516 291.824
1657137516 291.824
1657137517 308.990
1657137517 308.990
1657137518 308.990
1657137518 308.990
1657137518 308.990
1657137519 308.990
1657137519 308.990
1657137519 308.990
1657137520 308.990
1657137520 308.990
1657137520 308.990
1657137521 308.990
1657137521 308.990
1657137521 308.990
1657137522 308.990
1657137522 308.990
1657137522 308.990
1657137523 308.990
1657137523 308.990
1657137523 308.990
1657137524 308.990
1657137524 308.990
1657137524 308.990
1657137525 308.990
1657137525 308.990
1657137525 308.990
1657137526 308.990
1657137526 308.990
1657137526 308.990
1657137527 308.990
1657137527 308.990
1657137528 308.990
1657137528 308.990
1657137529 308.990
1657137529 308.990
1657137529 308.990
1657137530 308.990
1657137530 308.990
1657137530 308.990
1657137531 308.990
1657137531 308.990
1657137531 308.990
1657137532 308.990
1657137532 308.990
1657137533 308.990
1657137533 308.990
1657137533 308.990
1657137534 308.990
1657137534 308.990
1657137534 308.990
1657137535 308.990
1657137535 308.990
1657137535 308.990
1657137536 308.990
1657137536 308.990
1657137536 308.990
1657137537 308.990
1657137537 308.990
1657137538 308.990
1657137538 308.990
1657137539 308.990
1657137539 308.990
1657137540 308.990
1657137540 308.990
1657137540 308.990
1657137541 308.990
1657137541 308.990
1657137542 308.990
1657137542 308.990
1657137542 308.990
1657137543 308.990
1657137543 308.990
1657137543 308.990
1657137544 308.990
1657137544 308.990
1657137544 308.990
1657137545 308.990
1657137545 308.990
1657137546 308.990
1657137546 308.990
1657137546 308.990
1657137547 393.867
1657137547 393.867
1657137547 393.867
1657137548 393.867
1657137548 393.867
1657137548 393.867
1657137549 393.867
1657137549 393.867
1657137549 393.867
1657137550 393.867
1657137550 393.867
1657137550 393.867
1657137551 393.867
1657137552 393.867
1657137552 393.867
1657137552 393.867
1657137553 393.867
1657137553 393.867
1657137553 393.867
1657137554 393.867
1657137554 393.867
1657137554 393.867
1657137555 393.867
1657137555 393.867
1657137555 393.867
1657137556 393.867
1657137556 393.867
1657137556 393.867
1657137557 393.867
1657137557 393.867
1657137557 393.867
1657137558 393.867
1657137558 393.867
1657137558 393.867
1657137559 393.867
1657137559 393.867
1657137559 393.867
1657137560 393.867
1657137560 393.867
1657137560 393.867
1657137561 393.867
1657137561 393.867
1657137561 393.867
1657137562 393.867
1657137562 393.867
1657137563 393.867
1657137564 393.867
1657137564 393.867
1657137565 393.867
1657137565 393.867
1657137566 393.867
1657137566 393.867
1657137567 393.867
1657137567 393.867
1657137567 393.867
1657137568 393.867
1657137568 393.867
1657137568 393.867
1657137569 393.867
1657137569 393.867
1657137569 393.867
1657137570 393.867
1657137570 393.867
1657137570 393.867
1657137571 393.867
1657137571 393.867
1657137571 393.867
1657137572 393.867
1657137572 393.867
1657137572 393.867
1657137573 393.867
1657137573 393.867
1657137573 393.867
1657137574 393.867
1657137574 393.867
1657137574 393.867
1657137575 393.867
1657137575 393.867
1657137575 393.867
1657137576 393.867
1657137577 468.254
1657137577 468.254
1657137577 468.254
1657137578 468.254
1657137578 468.254
1657137578 468.254
1657137579 468.254
1657137579 468.254
1657137579 468.254
1657137580 468.254
1657137580 468.254
1657137581 468.254
1657137581 468.254
1657137581 468.254
1657137582 468.254
1657137582 468.254
1657137582 468.254
1657137583 468.254
1657137583 468.254
1657137583 468.254
1657137584 468.254
1657137584 468.254
1657137584 468.254
1657137585 468.254
1657137585 468.254
1657137585 468.254
1657137586 468.254
1657137586 468.254
1657137586 468.254
1657137587 468.254
1657137587 468.254
1657137588 468.254
1657137588 468.254
1657137589 468.254
1657137589 468.254
1657137589 468.254
1657137590 468.254
1657137590 468.254
1657137590 468.254
1657137591 468.254
1657137591 468.254
1657137591 468.254
1657137592 468.254
1657137592 468.254
1657137592 468.254
1657137593 468.254
1657137593 468.254
1657137593 468.254
1657137594 468.254
1657137594 468.254
1657137595 468.254
1657137595 468.254
1657137595 468.254
1657137596 468.254
1657137596 468.254
1657137596 468.254
1657137597 468.254
1657137597 468.254
1657137597 468.254
1657137598 468.254
1657137598 468.254
1657137599 468.254
1657137599 468.254
1657137600 468.254
1657137600 468.254
1657137601 468.254
1657137601 468.254
1657137601 468.254
1657137602 468.254
1657137602 468.254
1657137603 468.254
1657137603 468.254
1657137603 468.254
1657137604 468.254
1657137604 468.254
1657137604 468.254
1657137605 468.254
1657137605 468.254
1657137605 468.254
1657137606 468.254
1657137606 468.254
1657137606 468.254
1657137607 546.455
1657137607 546.455
1657137607 546.455
1657137608 546.455
1657137608 546.455
1657137609 546.455
1657137609 546.455
1657137609 546.455
1657137610 546.455
1657137610 546.455
1657137610 546.455
1657137611 546.455
1657137612 546.455
1657137612 546.455
1657137613 546.455
1657137613 546.455
1657137613 546.455
1657137614 546.455
1657137614 546.455
1657137614 546.455
1657137615 546.455
1657137615 546.455
1657137615 546.455
1657137616 546.455
1657137616 546.455
1657137616 546.455
1657137617 546.455
1657137617 546.455
1657137617 546.455
1657137618 546.455
1657137618 546.455
1657137618 546.455
1657137619 546.455
1657137619 546.455
1657137620 546.455
1657137620 546.455
1657137620 546.455
1657137621 546.455
1657137621 546.455
1657137621 546.455
1657137622 546.455
1657137622 546.455
1657137622 546.455
1657137623 546.455
1657137623 546.455
1657137624 546.455
1657137624 546.455
1657137625 546.455
1657137626 546.455
1657137626 546.455
1657137627 546.455
1657137627 546.455
1657137627 546.455
1657137628 546.455
1657137628 546.455
1657137628 546.455
1657137629 546.455
1657137629 546.455
1657137629 546.455
1657137630 546.455
1657137630 546.455
1657137631 546.455
1657137631 546.455
1657137631 546.455
1657137632 546.455
1657137632 546.455
1657137632 546.455
1657137633 546.455
1657137633 546.455
1657137633 546.455
1657137634 546.455
1657137634 546.455
1657137634 546.455
1657137635 546.455
1657137635 546.455
1657137635 546.455
1657137636 546.455
1657137636 546.455
1657137636 546.455
1657137637 585.556
1657137638 585.556
1657137638 585.556
1657137638 585.556
1657137639 585.556
1657137639 585.556
1657137639 585.556
1657137640 585.556
1657137640 585.556
1657137640 585.556
1657137641 585.556
1657137641 585.556
1657137641 585.556
1657137642 585.556
1657137642 585.556
1657137643 585.556
1657137643 585.556
1657137643 585.556
1657137644 585.556
1657137644 585.556
1657137644 585.556
1657137645 585.556
1657137645 585.556
1657137645 585.556
1657137646 585.556
1657137646 585.556
1657137647 585.556
1657137648 585.556
1657137648 585.556
1657137648 585.556
1657137649 585.556
1657137649 585.556
1657137650 585.556
1657137650 585.556
1657137650 585.556
1657137651 585.556
1657137651 585.556
1657137652 585.556
1657137652 585.556
1657137652 585.556
1657137653 585.556
1657137653 585.556
1657137653 585.556
1657137654 585.556
1657137654 585.556
1657137654 585.556
1657137655 585.556
1657137655 585.556
1657137655 585.556
1657137656 585.556
1657137656 585.556
1657137657 585.556
1657137657 585.556
1657137658 585.556
1657137658 585.556
1657137658 585.556
1657137659 585.556
1657137659 585.556
1657137659 585.556
1657137660 585.556
1657137661 585.556
1657137661 585.556
1657137661 585.556
1657137662 585.556
1657137662 585.556
1657137662 585.556
1657137663 585.556
1657137663 585.556
1657137663 585.556
1657137664 585.556
1657137664 585.556
1657137664 585.556
1657137665 585.556
1657137665 585.556
1657137666 585.556
1657137666 585.556
1657137666 585.556
1657137667 584.602
1657137667 584.602
1657137667 584.602
1657137668 584.602
1657137668 584.602
1657137668 584.602
1657137669 584.602
1657137669 584.602