1657216867 89.645
1657216867 89.645
1657216867 89.645
1657216868 89.645
1657216869 89.645
1657216870 89.645
1657216870 89.645
1657216871 89.645
1657216871 89.645
1657216871 89.645
1657216872 89.645
1657216872 89.645
1657216872 89.645
1657216873 89.645
1657216873 89.645
1657216874 89.645
1657216874 89.645
1657216874 89.645
1657216875 89.645
1657216875 89.645
1657216876 89.645
1657216877 89.645
1657216877 89.645
1657216878 89.645
1657216878 89.645
1657216878 89.645
1657216879 89.645
1657216879 89.645
1657216879 89.645
1657216880 89.645
1657216880 89.645
1657216880 89.645
1657216881 89.645
1657216881 89.645
1657216882 89.645
1657216882 89.645
1657216883 89.645
1657216883 89.645
1657216883 89.645
1657216884 89.645
1657216884 89.645
1657216884 89.645
1657216885 89.645
1657216885 89.645
1657216885 89.645
1657216886 89.645
1657216886 89.645
1657216887 89.645
1657216887 89.645
1657216887 89.645
1657216888 89.645
1657216889 89.645
1657216890 89.645
1657216890 89.645
1657216891 89.645
1657216891 89.645
1657216891 89.645
1657216892 89.645
1657216892 89.645
1657216893 89.645
1657216893 89.645
1657216893 89.645
1657216894 89.645
1657216894 89.645
1657216895 89.645
1657216895 89.645
1657216895 89.645
1657216896 89.645
1657216896 89.645
1657216897 133.514
1657216897 133.514
1657216897 133.514
1657216898 89.645
1657216898 133.514
1657216899 89.645
1657216899 133.514
1657216899 133.514
1657216900 133.514
1657216900 133.514
1657216900 89.645
1657216901 133.514
1657216902 133.514
1657216902 133.514
1657216903 133.514
1657216903 133.514
1657216903 133.514
1657216904 133.514
1657216904 133.514
1657216905 133.514
1657216905 133.514
1657216905 133.514
1657216906 133.514
1657216907 133.514
1657216908 133.514
1657216908 133.514
1657216909 133.514
1657216909 133.514
1657216909 133.514
1657216910 133.514
1657216910 133.514
1657216910 133.514
1657216911 133.514
1657216911 133.514
1657216912 133.514
1657216912 133.514
1657216912 133.514
1657216913 133.514
1657216913 133.514
1657216914 133.514
1657216915 133.514
1657216915 133.514
1657216915 133.514
1657216916 133.514
1657216916 133.514
1657216917 133.514
1657216917 133.514
1657216918 133.514
1657216918 133.514
1657216919 133.514
1657216919 133.514
1657216920 133.514
1657216920 133.514
1657216920 133.514
1657216921 133.514
1657216921 133.514
1657216921 133.514
1657216922 133.514
1657216922 133.514
1657216923 133.514
1657216924 133.514
1657216924 133.514
1657216925 133.514
1657216925 133.514
1657216925 133.514
1657216926 133.514
1657216926 133.514
1657216927 133.514
1657216928 137.329
1657216928 133.514
1657216929 133.514
1657216929 137.329
1657216930 137.329
1657216931 137.329
1657216931 137.329
1657216931 137.329
1657216932 137.329
1657216932 137.329
1657216932 137.329
1657216933 137.329
1657216933 137.329
1657216934 137.329
1657216934 137.329
1657216934 137.329
1657216935 137.329
1657216935 137.329
1657216935 137.329
1657216936 137.329
1657216936 137.329
1657216936 137.329
1657216937 137.329
1657216937 137.329
1657216938 137.329
1657216938 137.329
1657216938 137.329
1657216939 137.329
1657216939 137.329
1657216939 137.329
1657216940 137.329
1657216940 137.329
1657216941 137.329
1657216942 137.329
1657216942 137.329
1657216943 137.329
1657216944 137.329
1657216944 137.329
1657216945 137.329
1657216945 137.329
1657216946 137.329
1657216946 137.329
1657216946 137.329
1657216947 137.329
1657216947 137.329
1657216948 137.329
1657216949 137.329
1657216949 137.329
1657216950 137.329
1657216951 137.329
1657216952 137.329
1657216952 137.329
1657216953 137.329
1657216954 137.329
1657216955 137.329
1657216955 137.329
1657216956 137.329
1657216957 137.329
1657216957 137.329
1657216957 137.329
1657216958 137.329
1657216958 102.043
1657216959 102.043
1657216959 137.329
1657216959 137.329
1657216960 137.329
1657216960 137.329
1657216961 137.329
1657216961 102.043
1657216961 102.043
1657216962 142.097
1657216962 102.043
1657216962 142.097
1657216963 142.097
1657216963 142.097
1657216963 142.097
1657216964 102.043
1657216964 102.043
1657216965 142.097
1657216965 142.097
1657216965 102.043
1657216966 102.043
1657216967 102.043
1657216967 142.097
1657216968 102.043
1657216968 102.043
1657216969 142.097
1657216969 102.043
1657216969 102.043
1657216970 142.097
1657216970 102.043
1657216970 102.043
1657216971 102.043
1657216971 102.043
1657216971 142.097
1657216972 102.043
1657216972 142.097
1657216973 142.097
1657216973 102.043
1657216973 102.043
1657216974 142.097
1657216974 142.097
1657216975 142.097
1657216975 142.097
1657216975 102.043
1657216976 102.043
1657216976 102.043
1657216976 102.043
1657216977 102.043
1657216977 102.043
1657216978 102.043
1657216978 102.043
1657216979 142.097
1657216979 142.097
1657216981 142.097
1657216981 142.097
1657216982 102.043
1657216982 102.043
1657216982 102.043
1657216983 142.097
1657216983 102.043
1657216984 102.043
1657216984 142.097
1657216985 102.043
1657216985 142.097
1657216985 102.043
1657216986 142.097
1657216986 112.534
1657216987 142.097
1657216987 142.097
1657216987 142.097
1657216988 142.097
1657216988 142.097
1657216988 112.534
1657216989 142.097
1657216989 142.097
1657216989 112.534
1657216990 142.097
1657216990 142.097
1657216991 112.534
1657216991 112.534
1657216991 112.534
1657216992 112.534
1657216992 112.534
1657216993 112.534
1657216993 112.534
1657216994 112.534
1657216995 112.534
1657216995 112.534
1657216996 112.534
1657216996 112.534
1657216996 112.534
1657216997 112.534
1657216997 112.534
1657216997 112.534
1657216998 112.534
1657216998 112.534
1657216998 112.534
1657216999 112.534
1657216999 112.534
1657216999 112.534
1657217000 112.534
1657217000 112.534
1657217001 112.534
1657217001 112.534
1657217001 112.534
1657217002 112.534
1657217002 112.534
1657217003 112.534
1657217004 112.534
1657217004 112.534
1657217005 112.534
1657217005 112.534
1657217005 112.534
1657217006 112.534
1657217007 112.534
1657217008 112.534
1657217008 112.534
1657217008 112.534
1657217009 112.534
1657217010 112.534
1657217010 112.534
1657217011 112.534
1657217011 112.534
1657217012 112.534
1657217012 112.534
1657217013 112.534
1657217013 112.534
1657217014 112.534
1657217014 112.534
1657217014 112.534
1657217015 112.534
1657217015 112.534
1657217015 112.534
1657217016 112.534
1657217016 112.534
1657217016 112.534
1657217017 112.534
1657217017 122.070
1657217017 112.534
1657217018 112.534
1657217019 122.070
1657217019 112.534
1657217020 112.534
1657217020 122.070
1657217021 122.070
1657217021 122.070
1657217021 122.070
1657217022 122.070
1657217022 122.070
1657217022 122.070
1657217023 122.070
1657217023 122.070
1657217024 122.070
1657217024 122.070
1657217024 122.070
1657217025 122.070
1657217025 122.070
1657217025 122.070
1657217026 122.070
1657217026 122.070
1657217026 122.070
1657217027 122.070
1657217027 122.070
1657217028 122.070
1657217028 122.070
1657217029 122.070
1657217030 122.070
1657217031 122.070
1657217031 122.070
1657217032 122.070
1657217032 122.070
1657217033 122.070
1657217033 122.070
1657217034 122.070
1657217034 122.070
1657217034 122.070
1657217035 122.070
1657217035 122.070
1657217035 122.070
1657217036 122.070
1657217036 122.070
1657217036 122.070
1657217037 122.070
1657217037 122.070
1657217038 122.070
1657217038 122.070
1657217039 122.070
1657217039 122.070
1657217040 122.070
1657217040 122.070
1657217040 122.070
1657217041 122.070
1657217041 122.070
1657217041 122.070
1657217042 122.070
1657217042 122.070
1657217043 122.070
1657217043 122.070
1657217044 122.070
1657217044 122.070
1657217045 122.070
1657217045 122.070
1657217045 122.070
1657217046 122.070
1657217046 122.070
1657217047 174.522
1657217047 174.522
1657217047 174.522
1657217048 122.070
1657217048 122.070
1657217048 174.522
1657217049 174.522
1657217049 122.070
1657217049 174.522
1657217050 122.070
1657217050 122.070
1657217051 174.522
1657217051 174.522
1657217051 174.522
1657217052 174.522
1657217052 174.522
1657217052 174.522
1657217053 174.522
1657217053 174.522
1657217053 174.522
1657217054 174.522
1657217054 174.522
1657217055 174.522
1657217055 174.522
1657217055 174.522
1657217056 174.522
1657217056 174.522
1657217057 174.522
1657217058 174.522
1657217058 174.522
1657217059 174.522
1657217059 174.522
1657217060 174.522
1657217060 174.522
1657217060 174.522
1657217061 174.522
1657217061 174.522
1657217062 174.522
1657217062 174.522
1657217062 174.522
1657217063 174.522
1657217063 174.522
1657217063 174.522
1657217064 174.522
1657217064 174.522
1657217065 174.522
1657217066 174.522
1657217066 174.522
1657217066 174.522
1657217067 174.522
1657217067 174.522
1657217068 174.522
1657217068 174.522
1657217069 174.522
1657217070 174.522
1657217071 174.522
1657217072 174.522
1657217072 174.522
1657217073 174.522
1657217073 174.522
1657217073 174.522
1657217074 174.522
1657217074 174.522
1657217075 174.522
1657217075 174.522
1657217075 174.522
1657217076 174.522
1657217076 174.522
1657217077 128.746
1657217077 174.522
1657217077 128.746
1657217078 174.522
1657217079 174.522
1657217079 128.746
1657217079 174.522
1657217080 174.522
1657217080 174.522
1657217081 128.746
1657217081 162.125
1657217081 128.746
1657217082 162.125
1657217082 162.125
1657217083 128.746
1657217083 162.125
1657217084 128.746
1657217085 162.125
1657217085 162.125
1657217085 162.125
1657217086 128.746
1657217086 162.125
1657217086 128.746
1657217087 162.125
1657217087 162.125
1657217088 162.125
1657217088 128.746
1657217088 128.746
1657217089 128.746
1657217089 128.746
1657217090 162.125
1657217090 128.746
1657217090 162.125
1657217091 162.125
1657217091 128.746
1657217092 162.125
1657217092 162.125
1657217092 162.125
1657217093 162.125
1657217093 128.746
1657217094 162.125
1657217094 128.746
1657217094 128.746
1657217095 162.125
1657217096 162.125
1657217107 169.754
1657217107 169.754
1657217107 162.125
1657217108 169.754
1657217109 169.754
1657217109 169.754
1657217110 169.754
1657217110 169.754
1657217110 169.754
1657217111 169.754
1657217111 169.754
1657217111 169.754
1657217112 169.754
1657217112 169.754
1657217112 169.754
1657217113 169.754
1657217113 169.754
1657217113 169.754
1657217114 169.754
1657217114 169.754
1657217115 169.754
1657217115 169.754
1657217115 169.754
1657217116 169.754
1657217116 169.754
1657217116 169.754
1657217117 169.754
1657217117 169.754
1657217117 169.754
1657217118 169.754
1657217118 169.754
1657217119 169.754
1657217119 169.754
1657217119 169.754
1657217120 169.754
1657217120 169.754
1657217121 169.754
1657217121 169.754
1657217122 169.754
1657217123 169.754
1657217124 169.754
1657217124 169.754
1657217125 169.754
1657217126 169.754
1657217126 169.754
1657217126 169.754
1657217127 169.754
1657217128 169.754
1657217128 169.754
1657217129 169.754
1657217130 169.754
1657217130 169.754
1657217131 169.754
1657217131 169.754
1657217132 169.754
1657217132 169.754
1657217134 169.754
1657217134 169.754
1657217135 169.754
1657217135 169.754
1657217136 169.754
1657217136 169.754
1657217137 175.476
1657217137 175.476
1657217137 169.754
1657217138 169.754
1657217138 169.754
1657217138 175.476
1657217139 175.476
1657217139 169.754
1657217139 175.476
1657217140 169.754
1657217140 175.476
1657217141 175.476
1657217141 175.476
1657217141 175.476
1657217142 175.476
1657217142 175.476
1657217142 175.476
1657217143 175.476
1657217143 175.476
1657217143 175.476
1657217144 175.476
1657217144 175.476
1657217144 175.476
1657217145 175.476
1657217145 175.476
1657217146 175.476
1657217146 175.476
1657217147 175.476
1657217147 175.476
1657217148 175.476
1657217148 175.476
1657217149 175.476
1657217149 175.476
1657217150 175.476
1657217150 175.476
1657217151 175.476
1657217151 175.476
1657217151 175.476
1657217152 175.476
1657217152 175.476
1657217152 175.476
1657217153 175.476
1657217154 175.476
1657217154 175.476
1657217154 175.476
1657217155 175.476
1657217155 175.476
1657217156 175.476
1657217156 175.476
1657217156 175.476
1657217157 175.476
1657217157 175.476
1657217158 175.476
1657217158 175.476
1657217159 175.476
1657217159 175.476
1657217160 175.476
1657217160 175.476
1657217161 175.476
1657217161 175.476
1657217162 175.476
1657217162 175.476
1657217163 175.476
1657217163 175.476
1657217163 175.476
1657217164 175.476
1657217164 175.476
1657217164 175.476
1657217165 175.476
1657217165 175.476
1657217166 175.476
1657217166 175.476
1657217166 169.754
1657217167 175.476
1657217167 175.476
1657217168 169.754
1657217168 175.476
1657217168 169.754
1657217168 175.476
1657217169 169.754
1657217169 169.754
1657217170 175.476
1657217170 175.476
1657217170 169.754
1657217171 184.059
1657217171 184.059
1657217171 169.754
1657217172 169.754
1657217173 184.059
1657217174 184.059
1657217174 169.754
1657217174 169.754
1657217175 169.754
1657217175 169.754
1657217175 169.754
1657217176 184.059
1657217176 184.059
1657217176 184.059
1657217177 184.059
1657217177 184.059
1657217178 169.754
1657217178 169.754
1657217178 169.754
1657217179 169.754
1657217179 184.059
1657217179 169.754
1657217180 184.059
1657217180 169.754
1657217181 184.059
1657217181 169.754
1657217181 184.059
1657217182 169.754
1657217182 184.059
1657217182 184.059
1657217183 169.754
1657217183 184.059
1657217184 169.754
1657217184 184.059
1657217184 169.754
1657217185 184.059
1657217186 169.754
1657217187 184.059
1657217187 169.754
1657217188 184.059
1657217188 169.754
1657217189 184.059
1657217190 169.754
1657217191 184.059
1657217191 184.059
1657217192 184.059
1657217192 184.059
1657217193 184.059
1657217193 184.059
1657217194 184.059
1657217194 184.059
1657217194 169.754
1657217195 169.754
1657217195 169.754
1657217196 169.754
1657217196 184.059
1657217197 184.059
1657217197 144.005
1657217197 144.005
1657217198 144.005
1657217198 184.059
1657217199 144.005
1657217199 184.059
1657217200 184.059
1657217201 144.005
1657217201 144.005
1657217201 144.005
1657217202 144.005
1657217202 144.005
1657217202 144.005
1657217203 144.005
1657217203 144.005
1657217204 144.005
1657217204 144.005
1657217204 144.005
1657217205 144.005
1657217205 144.005
1657217205 144.005
1657217206 144.005
1657217206 144.005
1657217206 144.005
1657217207 144.005
1657217207 144.005
1657217208 144.005
1657217208 144.005
1657217208 144.005
1657217209 144.005
1657217209 144.005
1657217209 144.005
1657217210 144.005
1657217210 144.005
1657217210 144.005
1657217211 144.005
1657217211 144.005
1657217212 144.005
1657217212 144.005
1657217213 144.005
1657217214 144.005
1657217214 144.005
1657217214 144.005
1657217215 144.005
1657217215 144.005
1657217216 144.005
1657217216 144.005
1657217216 144.005
1657217217 144.005
1657217217 144.005
1657217218 144.005
1657217218 144.005
1657217219 144.005
1657217219 144.005
1657217220 144.005
1657217220 144.005
1657217220 144.005
1657217221 144.005
1657217221 144.005
1657217221 144.005
1657217222 144.005
1657217222 144.005
1657217222 144.005
1657217223 144.005
1657217223 144.005
1657217224 144.005
1657217224 144.005
1657217225 144.005
1657217225 144.005
1657217226 144.005
1657217226 144.005
1657217227 185.966
1657217227 144.005
1657217227 144.005
1657217228 144.005
1657217228 185.966
1657217228 144.005
1657217229 185.966
1657217229 185.966
1657217229 144.005
1657217230 185.966
1657217230 144.005
1657217231 185.966
1657217231 185.966
1657217231 185.966
1657217232 185.966
1657217232 185.966
1657217232 185.966
1657217233 185.966
1657217233 185.966
1657217233 185.966
1657217234 185.966
1657217234 185.966
1657217235 185.966
1657217235 185.966
1657217235 185.966
1657217236 185.966
1657217236 185.966
1657217237 185.966
1657217237 185.966
1657217238 185.966
1657217239 185.966
1657217239 185.966
1657217240 185.966
1657217240 185.966
1657217240 185.966
1657217241 185.966
1657217241 185.966
1657217241 185.966
1657217242 185.966
1657217242 185.966
1657217242 185.966
1657217243 185.966
1657217244 185.966
1657217244 185.966
1657217245 185.966
1657217245 185.966
1657217245 185.966
1657217246 185.966
1657217246 185.966
1657217246 185.966
1657217247 185.966
1657217247 185.966
1657217248 185.966
1657217249 185.966
1657217249 185.966
1657217250 185.966
1657217250 185.966
1657217251 185.966
1657217251 185.966
1657217252 185.966
1657217253 185.966
1657217253 185.966
1657217254 185.966
1657217254 185.966
1657217255 185.966
1657217255 185.966
1657217255 185.966
1657217256 185.966
1657217256 185.966
1657217257 185.966
1657217257 132.561
1657217257 185.966
1657217258 185.966
1657217258 132.561
1657217259 185.966
1657217259 132.561
1657217259 132.561
1657217260 185.966
1657217260 132.561
1657217260 132.561
1657217261 132.561
1657217261 132.561
1657217261 132.561
1657217262 132.561
1657217262 132.561
1657217262 132.561
1657217263 132.561
1657217263 132.561
1657217264 132.561
1657217264 132.561
1657217265 132.561
1657217265 132.561
1657217266 132.561
1657217266 132.561
1657217266 132.561
1657217267 132.561
1657217267 132.561
1657217267 132.561
1657217268 132.561
1657217268 132.561
1657217269 132.561
1657217269 132.561
1657217269 132.561
1657217270 132.561
1657217270 132.561
1657217270 132.561
1657217271 132.561
1657217271 132.561
1657217271 132.561
1657217272 132.561
1657217272 132.561
1657217273 132.561
1657217273 132.561
1657217273 132.561
1657217274 132.561
1657217274 132.561
1657217274 132.561
1657217275 132.561
1657217275 132.561
1657217276 132.561
1657217276 132.561
1657217277 132.561
1657217277 132.561
1657217278 132.561
1657217278 132.561
1657217279 132.561
1657217280 132.561
1657217280 132.561
1657217281 132.561
1657217281 132.561
1657217281 132.561
1657217282 132.561
1657217282 132.561
1657217282 132.561
1657217283 132.561
1657217283 132.561
1657217283 132.561
1657217284 132.561
1657217284 132.561
1657217284 132.561
1657217285 132.561
1657217285 132.561
1657217286 132.561
1657217286 132.561
1657217286 132.561
1657217287 169.754
1657217287 169.754
1657217287 132.561
1657217288 132.561
1657217289 169.754
1657217289 169.754
1657217290 169.754
1657217290 132.561
1657217290 169.754
1657217291 169.754
1657217291 169.754
1657217291 169.754
1657217292 169.754
1657217293 169.754
1657217294 169.754
1657217294 169.754
1657217295 169.754
1657217295 169.754
1657217295 169.754
1657217296 169.754
1657217296 169.754
1657217297 169.754
1657217297 169.754
1657217297 169.754
1657217298 169.754
1657217298 169.754
1657217298 169.754
1657217299 169.754
1657217299 169.754
1657217299 169.754
1657217300 169.754
1657217300 169.754
1657217301 169.754
1657217302 169.754
1657217302 169.754
1657217303 169.754
1657217303 169.754
1657217303 169.754
1657217304 169.754
1657217304 169.754
1657217305 169.754
1657217306 169.754
1657217307 169.754
1657217307 169.754
1657217308 169.754
1657217308 169.754
1657217309 169.754
1657217309 169.754
1657217310 169.754
1657217310 169.754
1657217311 169.754
1657217311 169.754
1657217312 169.754
1657217312 169.754
1657217312 169.754
1657217313 169.754
1657217314 169.754
1657217315 169.754
1657217315 169.754
1657217316 169.754
1657217316 169.754
1657217317 169.754
1657217317 153.542
1657217317 153.542
1657217318 153.542
1657217318 169.754
1657217319 153.542
1657217319 153.542
1657217320 153.542
1657217320 153.542
1657217321 169.754
1657217321 153.542
1657217321 153.542
1657217322 153.542
1657217322 153.542
1657217323 153.542
1657217323 153.542
1657217323 153.542
1657217324 153.542
1657217324 153.542
1657217324 153.542
1657217325 153.542
1657217325 153.542
1657217325 153.542
1657217326 153.542
1657217326 153.542
1657217327 153.542
1657217327 153.542
1657217328 153.542
1657217329 153.542
1657217329 153.542
1657217329 153.542
1657217330 153.542
1657217330 153.542
1657217330 153.542
1657217331 153.542
1657217331 153.542
1657217331 153.542
1657217332 153.542
1657217332 153.542
1657217332 153.542
1657217333 153.542
1657217333 153.542
1657217334 153.542
1657217334 153.542
1657217334 153.542
1657217335 153.542
1657217335 153.542
1657217335 153.542
1657217336 153.542
1657217336 153.542
1657217336 153.542
1657217337 153.542
1657217337 153.542
1657217338 153.542
1657217338 153.542
1657217339 153.542
1657217339 153.542
1657217340 153.542
1657217341 153.542
1657217341 153.542
1657217342 153.542
1657217342 153.542
1657217342 153.542
1657217343 153.542
1657217343 153.542
1657217344 153.542
1657217344 153.542
1657217344 153.542
1657217345 153.542
1657217345 153.542
1657217345 153.542
1657217346 153.542
1657217346 153.542
1657217346 153.542
1657217347 186.920
1657217347 186.920
1657217348 186.920
1657217348 153.542
1657217348 153.542
1657217349 186.920
1657217349 186.920
1657217349 186.920
1657217350 186.920
1657217350 186.920
1657217350 153.542
1657217351 186.920
1657217352 186.920
1657217352 186.920
1657217353 186.920
1657217353 186.920
1657217354 186.920
1657217354 186.920
1657217354 186.920
1657217355 186.920
1657217355 186.920
1657217355 186.920
1657217356 186.920
1657217356 186.920
1657217356 186.920
1657217357 186.920
1657217357 186.920
1657217358 186.920
1657217358 186.920
1657217358 186.920
1657217359 186.920
1657217359 186.920
1657217360 186.920
1657217360 186.920
1657217360 186.920
1657217361 186.920
1657217361 186.920
1657217361 186.920
1657217362 186.920
1657217362 186.920
1657217363 186.920
1657217363 186.920
1657217365 186.920
1657217365 186.920
1657217366 186.920
1657217367 186.920
1657217369 186.920
1657217369 186.920
1657217370 186.920
1657217370 186.920
1657217371 186.920
1657217371 186.920
1657217371 186.920
1657217372 186.920
1657217372 186.920
1657217373 186.920
1657217373 186.920
1657217373 186.920
1657217374 186.920
1657217374 186.920
1657217374 186.920
1657217375 186.920
1657217375 186.920
1657217376 186.920
1657217377 186.920
1657217378 186.920
1657217378 122.070
1657217379 186.920
1657217380 122.070
1657217380 122.070
1657217380 186.920
1657217381 122.070
1657217381 122.070
1657217381 122.070
1657217382 122.070
1657217382 122.070
1657217383 122.070
1657217383 122.070
1657217383 122.070
1657217384 122.070
1657217384 122.070
1657217385 122.070
1657217385 122.070
1657217385 122.070
1657217386 122.070
1657217386 122.070
1657217386 122.070
1657217387 122.070
1657217387 122.070
1657217387 122.070
1657217388 122.070
1657217388 122.070
1657217389 122.070
1657217389 122.070
1657217389 122.070
1657217390 122.070
1657217390 122.070
1657217392 122.070
1657217392 122.070
1657217392 122.070
1657217393 122.070
1657217393 122.070
1657217393 122.070
1657217394 122.070
1657217394 122.070
1657217395 122.070
1657217395 122.070
1657217395 122.070
1657217396 122.070
1657217396 122.070
1657217396 122.070
1657217397 122.070
1657217397 122.070
1657217398 122.070
1657217399 122.070
1657217399 122.070
1657217399 122.070
1657217400 122.070
1657217401 122.070
1657217401 122.070
1657217401 122.070
1657217402 122.070
1657217403 122.070
1657217403 122.070
1657217404 122.070
1657217404 122.070
1657217405 122.070
1657217405 122.070
1657217405 122.070
1657217406 122.070
1657217406 122.070
1657217407 188.828
1657217407 122.070
1657217407 188.828
1657217408 122.070
1657217408 122.070
1657217408 188.828
1657217409 188.828
1657217409 188.828
1657217410 188.828
1657217410 122.070
1657217410 188.828
1657217411 188.828
1657217411 188.828
1657217411 188.828
1657217412 188.828
1657217412 188.828
1657217413 188.828
1657217413 188.828
1657217413 188.828
1657217414 188.828
1657217415 188.828
1657217415 188.828
1657217416 188.828
1657217416 188.828
1657217416 188.828
1657217417 188.828
1657217417 188.828
1657217418 188.828
1657217418 188.828
1657217418 188.828
1657217419 188.828
1657217419 188.828
1657217419 188.828
1657217420 188.828
1657217420 188.828
1657217420 188.828
1657217421 188.828
1657217421 188.828
1657217422 188.828
1657217422 188.828
1657217423 188.828
1657217423 188.828
1657217424 188.828
1657217424 188.828
1657217424 188.828
1657217425 188.828
1657217425 188.828
1657217426 188.828
1657217426 188.828
1657217427 188.828
1657217427 188.828
1657217428 188.828