1657231777 0.000
1657231777 0.000
1657231779 0.000
1657231780 0.000
1657231780 0.000
1657231781 0.000
1657231781 0.000
1657231781 0.000
1657231782 0.000
1657231782 0.000
1657231782 0.000
1657231783 0.000
1657231783 0.000
1657231783 0.000
1657231784 0.000
1657231784 0.000
1657231784 0.000
1657231785 0.000
1657231785 0.000
1657231785 0.000
1657231786 0.000
1657231786 0.000
1657231786 0.000
1657231786 0.000
1657231787 0.000
1657231787 0.000
1657231787 0.000
1657231788 0.000
1657231788 0.000
1657231788 0.000
1657231789 0.000
1657231789 0.000
1657231790 0.000
1657231790 0.000
1657231791 0.000
1657231791 0.000
1657231792 0.000
1657231792 0.000
1657231792 0.000
1657231793 0.000
1657231793 0.000
1657231793 0.000
1657231794 0.000
1657231794 0.000
1657231794 0.000
1657231795 0.000
1657231795 0.000
1657231795 0.000
1657231796 0.000
1657231796 0.000
1657231796 0.000
1657231797 0.000
1657231797 0.000
1657231797 0.000
1657231798 0.000
1657231798 0.000
1657231798 0.000
1657231799 0.000
1657231799 0.000
1657231799 0.000
1657231800 0.000
1657231800 0.000
1657231801 0.000
1657231801 0.000
1657231801 0.000
1657231802 0.000
1657231802 0.000
1657231802 0.000
1657231803 0.000
1657231803 0.000
1657231804 0.000
1657231804 0.000
1657231804 0.000
1657231805 0.000
1657231805 0.000
1657231805 0.000
1657231806 0.000
1657231806 0.000
1657231806 0.000
1657231807 0.035
1657231807 0.035
1657231807 0.000
1657231808 0.035
1657231808 0.035
1657231808 0.000
1657231809 0.000
1657231809 0.035
1657231809 0.035
1657231810 0.035
1657231810 0.035
1657231810 0.035
1657231811 0.035
1657231811 0.035
1657231811 0.035
1657231812 0.035
1657231812 0.035
1657231812 0.035
1657231813 0.035
1657231813 0.035
1657231813 0.035
1657231814 0.035
1657231814 0.035
1657231815 0.035
1657231816 0.035
1657231816 0.035
1657231817 0.035
1657231817 0.035
1657231818 0.035
1657231818 0.035
1657231818 0.035
1657231819 0.035
1657231819 0.035
1657231819 0.035
1657231820 0.035
1657231820 0.035
1657231820 0.035
1657231821 0.035
1657231821 0.035
1657231821 0.035
1657231822 0.035
1657231822 0.035
1657231822 0.035
1657231823 0.035
1657231823 0.035
1657231823 0.035
1657231824 0.035
1657231824 0.035
1657231824 0.035
1657231825 0.035
1657231825 0.035
1657231825 0.035
1657231826 0.035
1657231826 0.035
1657231826 0.035
1657231827 0.035
1657231827 0.035
1657231827 0.035
1657231828 0.035
1657231828 0.035
1657231829 0.035
1657231829 0.035
1657231830 0.035
1657231830 0.035
1657231830 0.035
1657231831 0.035
1657231831 0.035
1657231831 0.035
1657231832 0.035
1657231832 0.035
1657231832 0.035
1657231833 0.035
1657231833 0.035
1657231833 0.035
1657231834 0.035
1657231834 0.035
1657231834 0.035
1657231835 0.035
1657231835 0.035
1657231835 0.035
1657231836 0.035
1657231836 0.035
1657231836 0.029
1657231837 0.035
1657231837 0.035
1657231837 0.035
1657231838 0.035
1657231838 0.035
1657231838 0.029
1657231839 0.029
1657231839 0.029
1657231839 0.029
1657231840 0.029
1657231841 0.029
1657231841 0.029
1657231842 0.029
1657231842 0.029
1657231842 0.029
1657231843 0.029
1657231843 0.029
1657231843 0.029
1657231843 0.029
1657231844 0.029
1657231844 0.029
1657231844 0.029
1657231845 0.029
1657231845 0.029
1657231845 0.029
1657231846 0.029
1657231846 0.029
1657231846 0.029
1657231847 0.029
1657231847 0.029
1657231847 0.029
1657231848 0.029
1657231848 0.029
1657231848 0.029
1657231848 0.029
1657231849 0.029
1657231849 0.029
1657231849 0.029
1657231850 0.029
1657231850 0.029
1657231850 0.029
1657231851 0.029
1657231851 0.029
1657231851 0.029
1657231852 0.029
1657231852 0.029
1657231853 0.029
1657231853 0.029
1657231854 0.029
1657231854 0.029
1657231855 0.029
1657231855 0.029
1657231855 0.029
1657231855 0.029
1657231856 0.029
1657231856 0.029
1657231857 0.029
1657231857 0.029
1657231857 0.029
1657231857 0.029
1657231858 0.029
1657231858 0.029
1657231858 0.029
1657231859 0.029
1657231859 0.029
1657231860 0.029
1657231860 0.029
1657231860 0.029
1657231861 0.029
1657231861 0.029
1657231861 0.029
1657231862 0.029
1657231862 0.029
1657231862 0.029
1657231863 0.029
1657231863 0.029
1657231863 0.029
1657231864 0.029
1657231865 0.029
1657231865 0.029
1657231865 0.029
1657231866 0.029
1657231866 0.029
1657231866 0.029
1657231867 0.029
1657231867 0.029
1657231867 0.029
1657231868 0.029
1657231868 0.029
1657231868 0.029
1657231869 0.029
1657231869 0.029
1657231869 0.029
1657231870 0.029
1657231870 0.029
1657231870 0.029
1657231871 0.029
1657231871 0.029
1657231871 0.029
1657231872 0.029
1657231872 0.029
1657231872 0.029
1657231873 0.029
1657231873 0.029
1657231873 0.029
1657231874 0.029
1657231874 0.029
1657231874 0.029
1657231875 0.029
1657231875 0.029
1657231875 0.029
1657231876 0.029
1657231877 0.029
1657231877 0.029
1657231878 0.029
1657231879 0.029
1657231879 0.029
1657231880 0.029
1657231880 0.029
1657231880 0.029
1657231881 0.029
1657231881 0.029
1657231881 0.029
1657231882 0.029
1657231882 0.029
1657231882 0.029
1657231883 0.029
1657231883 0.029
1657231883 0.029
1657231883 0.029
1657231884 0.029
1657231884 0.029
1657231884 0.029
1657231885 0.029
1657231885 0.029
1657231885 0.029
1657231886 0.029
1657231886 0.029
1657231886 0.029
1657231887 0.029
1657231887 0.029
1657231888 0.029
1657231888 0.029
1657231888 0.029
1657231889 0.029
1657231889 0.029
1657231889 0.029
1657231890 0.029
1657231890 0.029
1657231891 0.029
1657231891 0.029
1657231891 0.029
1657231892 0.029
1657231892 0.029
1657231892 0.029
1657231893 0.029
1657231893 0.029
1657231893 0.029
1657231894 0.029
1657231894 0.029
1657231894 0.029
1657231895 0.029
1657231895 0.029
1657231895 0.029
1657231896 0.029
1657231896 0.029
1657231896 0.033
1657231897 0.029
1657231897 0.033
1657231897 0.029
1657231898 0.029
1657231898 0.029
1657231898 0.029
1657231899 0.033
1657231899 0.033
1657231899 0.029
1657231899 0.029
1657231900 0.033
1657231900 0.033
1657231900 0.033
1657231901 0.033
1657231902 0.033
1657231902 0.033
1657231902 0.033
1657231903 0.033
1657231903 0.033
1657231903 0.033
1657231904 0.033
1657231904 0.033
1657231904 0.033
1657231905 0.033
1657231905 0.033
1657231905 0.033
1657231906 0.033
1657231906 0.033
1657231906 0.033
1657231907 0.033
1657231907 0.033
1657231907 0.033
1657231907 0.033
1657231908 0.033
1657231908 0.033
1657231908 0.033
1657231909 0.033
1657231909 0.033
1657231909 0.033
1657231910 0.033
1657231910 0.033
1657231910 0.033
1657231911 0.033
1657231911 0.033
1657231911 0.033
1657231912 0.033
1657231912 0.033
1657231913 0.033
1657231913 0.033
1657231914 0.033
1657231914 0.033
1657231914 0.033
1657231915 0.033
1657231915 0.033
1657231915 0.033
1657231916 0.033
1657231916 0.033
1657231916 0.033
1657231916 0.033
1657231917 0.033
1657231917 0.033
1657231917 0.033
1657231918 0.033
1657231918 0.033
1657231918 0.033
1657231919 0.033
1657231919 0.033
1657231920 0.033
1657231920 0.033
1657231920 0.033
1657231921 0.033
1657231921 0.033
1657231921 0.033
1657231922 0.033
1657231922 0.033
1657231922 0.033
1657231923 0.033
1657231923 0.033
1657231923 0.033
1657231924 0.033
1657231924 0.033
1657231925 0.033
1657231925 0.033
1657231926 0.033
1657231926 0.033
1657231926 0.033
1657231927 0.033
1657231927 0.033
1657231927 0.033
1657231928 0.017
1657231928 0.017
1657231928 0.017
1657231929 0.033
1657231929 0.017
1657231929 0.017
1657231930 0.033
1657231930 0.033
1657231930 0.033
1657231931 0.034
1657231931 0.017
1657231931 0.017
1657231932 0.017
1657231932 0.017
1657231932 0.017
1657231933 0.034
1657231933 0.017
1657231933 0.034
1657231934 0.034
1657231934 0.034
1657231934 0.034
1657231935 0.034
1657231935 0.017
1657231935 0.017
1657231936 0.034
1657231936 0.034
1657231937 0.017
1657231938 0.017
1657231938 0.017
1657231939 0.034
1657231939 0.017
1657231940 0.034
1657231940 0.034
1657231940 0.034
1657231941 0.017
1657231941 0.017
1657231941 0.017
1657231942 0.034
1657231942 0.034
1657231942 0.017
1657231943 0.034
1657231943 0.017
1657231943 0.017
1657231944 0.034
1657231944 0.034
1657231944 0.034
1657231945 0.034
1657231945 0.017
1657231945 0.017
1657231945 0.034
1657231946 0.017
1657231946 0.017
1657231946 0.017
1657231947 0.034
1657231947 0.017
1657231947 0.034
1657231948 0.017
1657231948 0.017
1657231948 0.017
1657231949 0.017
1657231949 0.034
1657231949 0.017
1657231950 0.017
1657231951 0.034
1657231951 0.034
1657231952 0.017
1657231952 0.017
1657231952 0.034
1657231953 0.017
1657231953 0.017
1657231953 0.017
1657231954 0.034
1657231954 0.034
1657231954 0.017
1657231955 0.034
1657231955 0.017
1657231955 0.034
1657231956 0.017
1657231956 0.017
1657231956 0.032
1657231957 0.034
1657231957 0.034
1657231957 0.032
1657231958 0.032
1657231958 0.034
1657231958 0.034
1657231959 0.034
1657231959 0.032
1657231959 0.034
1657231960 0.032
1657231960 0.034
1657231960 0.034
1657231961 0.029
1657231961 0.032
1657231961 0.032
1657231962 0.032
1657231962 0.029
1657231963 0.032
1657231964 0.029
1657231964 0.029
1657231964 0.029
1657231965 0.029
1657231965 0.029
1657231965 0.029
1657231966 0.029
1657231966 0.029
1657231966 0.029
1657231967 0.029
1657231967 0.032
1657231967 0.032
1657231968 0.029
1657231968 0.032
1657231968 0.032
1657231968 0.032
1657231969 0.032
1657231969 0.032
1657231969 0.029
1657231970 0.029
1657231970 0.032
1657231970 0.032
1657231971 0.029
1657231971 0.029
1657231971 0.029
1657231972 0.029
1657231972 0.029
1657231972 0.029
1657231973 0.029
1657231973 0.029
1657231973 0.029
1657231974 0.032
1657231974 0.032
1657231975 0.032
1657231976 0.032
1657231976 0.029
1657231976 0.029
1657231977 0.032
1657231977 0.032
1657231977 0.029
1657231978 0.029
1657231978 0.029
1657231978 0.029
1657231979 0.032
1657231979 0.029
1657231979 0.032
1657231980 0.032
1657231980 0.032
1657231980 0.032
1657231981 0.032
1657231981 0.029
1657231981 0.029
1657231982 0.029
1657231982 0.029
1657231982 0.029
1657231983 0.029
1657231983 0.029
1657231983 0.032
1657231984 0.029
1657231984 0.032
1657231984 0.029
1657231985 0.029
1657231985 0.029
1657231985 0.032
1657231986 0.029
1657231986 0.031
1657231987 0.031
1657231987 0.029
1657231987 0.029
1657231987 0.031
1657231988 0.031
1657231988 0.029
1657231988 0.029
1657231989 0.031
1657231989 0.029
1657231989 0.029
1657231990 0.029
1657231990 0.029
1657231990 0.029
1657231991 0.031
1657231991 0.016
1657231991 0.016
1657231992 0.016
1657231992 0.031
1657231992 0.016
1657231993 0.031
1657231993 0.016
1657231993 0.031
1657231994 0.031
1657231994 0.031
1657231994 0.016
1657231995 0.031
1657231995 0.016
1657231995 0.016
1657231996 0.031
1657231996 0.031
1657231996 0.031
1657231997 0.031
1657231997 0.016
1657231998 0.031
1657231998 0.031
1657231999 0.016
1657232000 0.031
1657232000 0.016
1657232001 0.031
1657232001 0.031
1657232001 0.031
1657232002 0.031
1657232002 0.016
1657232002 0.031
1657232003 0.016
1657232003 0.031
1657232003 0.016
1657232004 0.031
1657232004 0.031
1657232004 0.016
1657232005 0.031
1657232005 0.031
1657232005 0.031
1657232006 0.031
1657232006 0.016
1657232006 0.016
1657232007 0.031
1657232007 0.031
1657232007 0.031
1657232008 0.031
1657232008 0.016
1657232008 0.031
1657232009 0.016
1657232009 0.016
1657232009 0.016
1657232010 0.031
1657232010 0.031
1657232011 0.031
1657232011 0.031
1657232012 0.016
1657232012 0.031
1657232013 0.016
1657232013 0.016
1657232013 0.016
1657232014 0.031
1657232014 0.016
1657232014 0.031
1657232015 0.031
1657232015 0.016
1657232015 0.031
1657232016 0.016
1657232016 0.031
1657232016 0.016
1657232017 0.038
1657232017 0.016
1657232017 0.016
1657232018 0.038
1657232018 0.016
1657232018 0.016
1657232019 0.038
1657232019 0.016
1657232019 0.016
1657232020 0.016
1657232020 0.016
1657232020 0.016
1657232021 0.038
1657232021 0.038
1657232021 0.038
1657232022 0.038
1657232022 0.038
1657232022 0.038
1657232023 0.038
1657232023 0.038
1657232024 0.038
1657232024 0.038
1657232025 0.038
1657232025 0.038
1657232025 0.038
1657232026 0.038
1657232026 0.038
1657232026 0.038
1657232027 0.038
1657232027 0.038
1657232027 0.038
1657232028 0.038
1657232028 0.038
1657232028 0.038
1657232028 0.038
1657232029 0.038
1657232029 0.038
1657232029 0.038
1657232030 0.038
1657232030 0.038
1657232030 0.038
1657232031 0.038
1657232031 0.038
1657232031 0.038
1657232032 0.038
1657232032 0.038
1657232032 0.038
1657232033 0.038
1657232033 0.038
1657232033 0.038
1657232034 0.038
1657232034 0.038
1657232034 0.038
1657232035 0.038
1657232036 0.038
1657232036 0.038
1657232036 0.038
1657232036 0.038
1657232037 0.038
1657232037 0.038
1657232038 0.038
1657232038 0.038
1657232038 0.038
1657232039 0.038
1657232039 0.038
1657232039 0.038
1657232040 0.038
1657232040 0.038
1657232040 0.038
1657232041 0.038
1657232041 0.038
1657232041 0.038
1657232042 0.038
1657232042 0.038
1657232042 0.038
1657232043 0.038
1657232043 0.038
1657232043 0.038
1657232044 0.038
1657232044 0.038
1657232044 0.038
1657232045 0.038
1657232045 0.038
1657232045 0.038
1657232046 0.038
1657232046 0.038
1657232047 0.028
1657232047 0.038
1657232048 0.028
1657232048 0.028
1657232048 0.038
1657232049 0.038
1657232049 0.028
1657232049 0.028
1657232050 0.028
1657232050 0.038
1657232050 0.038
1657232051 0.028
1657232051 0.028
1657232051 0.028
1657232052 0.028
1657232052 0.028
1657232052 0.028
1657232053 0.028
1657232053 0.028
1657232053 0.028
1657232054 0.028
1657232054 0.028
1657232054 0.028
1657232055 0.028
1657232055 0.028
1657232055 0.028
1657232056 0.028
1657232056 0.028
1657232056 0.028
1657232057 0.028
1657232057 0.028
1657232057 0.028
1657232058 0.028
1657232058 0.028
1657232059 0.028
1657232059 0.028
1657232060 0.028
1657232061 0.028
1657232061 0.028
1657232062 0.028
1657232062 0.028
1657232062 0.028
1657232063 0.028
1657232063 0.028
1657232063 0.028
1657232064 0.028
1657232064 0.028
1657232064 0.028
1657232065 0.028
1657232065 0.028
1657232065 0.028
1657232065 0.028
1657232066 0.028
1657232066 0.028
1657232067 0.028
1657232067 0.028
1657232067 0.028
1657232068 0.028
1657232068 0.028
1657232068 0.028
1657232069 0.028
1657232069 0.028
1657232069 0.028
1657232070 0.028
1657232070 0.028
1657232071 0.028
1657232071 0.028
1657232071 0.028
1657232072 0.028
1657232072 0.028
1657232073 0.028
1657232073 0.028
1657232074 0.028
1657232074 0.028
1657232074 0.028
1657232075 0.028
1657232075 0.028
1657232075 0.028
1657232076 0.028
1657232076 0.028
1657232076 0.031
1657232077 0.028
1657232077 0.028
1657232077 0.031
1657232078 0.031
1657232078 0.031
1657232078 0.028
1657232079 0.031
1657232079 0.031
1657232079 0.031
1657232080 0.028
1657232080 0.031
1657232080 0.031
1657232081 0.031
1657232081 0.031
1657232081 0.031
1657232082 0.031
1657232082 0.031
1657232082 0.031
1657232082 0.031
1657232083 0.031
1657232083 0.031
1657232084 0.031
1657232084 0.031
1657232085 0.031
1657232085 0.031
1657232086 0.031
1657232086 0.031
1657232086 0.031
1657232087 0.031
1657232087 0.031
1657232087 0.031
1657232088 0.031
1657232088 0.031
1657232088 0.031
1657232089 0.031
1657232089 0.031
1657232089 0.031
1657232090 0.031
1657232090 0.031
1657232090 0.031
1657232091 0.031
1657232091 0.031
1657232091 0.031
1657232092 0.031
1657232092 0.031
1657232092 0.031
1657232093 0.031
1657232093 0.031
1657232093 0.031
1657232094 0.031
1657232094 0.031
1657232094 0.031
1657232095 0.031
1657232095 0.031
1657232095 0.031
1657232096 0.031
1657232096 0.031
1657232097 0.031
1657232097 0.031
1657232097 0.031
1657232098 0.031
1657232098 0.031
1657232098 0.031
1657232099 0.031
1657232099 0.031
1657232100 0.031
1657232100 0.031
1657232100 0.031
1657232101 0.031
1657232101 0.031
1657232101 0.031
1657232102 0.031
1657232102 0.031
1657232102 0.031
1657232103 0.031
1657232103 0.031
1657232103 0.031
1657232104 0.031
1657232104 0.031
1657232104 0.031
1657232105 0.031
1657232105 0.031
1657232105 0.031
1657232106 0.031
1657232106 0.031
1657232106 0.031
1657232107 0.031
1657232107 0.031
1657232108 0.031
1657232108 0.031
1657232108 0.031
1657232109 0.031
1657232109 0.031
1657232109 0.031
1657232110 0.031
1657232110 0.031
1657232110 0.031
1657232111 0.031
1657232111 0.031
1657232111 0.031
1657232112 0.031
1657232112 0.031
1657232112 0.031
1657232112 0.031
1657232113 0.031
1657232113 0.031
1657232113 0.031
1657232114 0.031
1657232114 0.031
1657232114 0.031
1657232115 0.031
1657232115 0.031
1657232115 0.031
1657232116 0.031
1657232116 0.031
1657232116 0.031
1657232117 0.031
1657232117 0.031
1657232117 0.031
1657232118 0.031
1657232119 0.031
1657232119 0.031
1657232120 0.031
1657232121 0.031
1657232121 0.031
1657232122 0.031
1657232122 0.031
1657232122 0.031
1657232123 0.031
1657232123 0.031
1657232123 0.031
1657232124 0.031
1657232124 0.031
1657232124 0.031
1657232125 0.031
1657232125 0.031
1657232125 0.031
1657232126 0.031
1657232126 0.031
1657232126 0.031
1657232126 0.031
1657232127 0.031
1657232127 0.031
1657232127 0.031
1657232128 0.031
1657232128 0.031
1657232128 0.031
1657232129 0.031
1657232129 0.031
1657232129 0.031
1657232130 0.031
1657232130 0.031
1657232130 0.031
1657232131 0.031
1657232131 0.031
1657232131 0.031
1657232132 0.031
1657232132 0.031
1657232133 0.031
1657232133 0.031
1657232134 0.031
1657232134 0.031
1657232134 0.031
1657232135 0.031
1657232135 0.031
1657232135 0.031
1657232136 0.031
1657232136 0.031
1657232136 0.031
1657232137 0.031
1657232137 0.031
1657232137 0.032
1657232138 0.031
1657232138 0.032
1657232139 0.031
1657232139 0.032
1657232139 0.031
1657232139 0.032
1657232140 0.031
1657232140 0.031
1657232141 0.032
1657232141 0.032
1657232141 0.032
1657232141 0.032
1657232142 0.032
1657232142 0.032
1657232142 0.032
1657232143 0.032
1657232143 0.032
1657232143 0.032
1657232144 0.032
1657232144 0.032
1657232145 0.032
1657232145 0.032
1657232146 0.032
1657232146 0.032
1657232146 0.032
1657232147 0.032
1657232147 0.032
1657232147 0.032
1657232148 0.032
1657232148 0.032
1657232148 0.032
1657232148 0.032
1657232149 0.032
1657232149 0.032
1657232150 0.032
1657232150 0.032
1657232150 0.032
1657232150 0.032
1657232151 0.032
1657232151 0.032
1657232151 0.032
1657232152 0.032
1657232152 0.032
1657232152 0.032
1657232153 0.032
1657232153 0.032
1657232153 0.032
1657232154 0.032
1657232154 0.032
1657232154 0.032
1657232155 0.032
1657232155 0.032
1657232155 0.032
1657232156 0.032
1657232157 0.032
1657232157 0.032
1657232158 0.032
1657232158 0.032
1657232158 0.032
1657232158 0.032
1657232159 0.032
1657232159 0.032
1657232160 0.032
1657232160 0.032
1657232160 0.032
1657232161 0.032
1657232161 0.032
1657232161 0.032
1657232162 0.032
1657232162 0.032
1657232162 0.032
1657232163 0.032
1657232163 0.032
1657232163 0.032
1657232164 0.032
1657232164 0.032
1657232164 0.032
1657232165 0.032
1657232165 0.032
1657232165 0.032
1657232166 0.032
1657232166 0.032
1657232166 0.028
1657232167 0.028
1657232167 0.028
1657232167 0.032
1657232168 0.028
1657232168 0.032
1657232169 0.032
1657232169 0.032
1657232170 0.028
1657232170 0.028
1657232170 0.032
1657232171 0.028
1657232171 0.028
1657232171 0.028
1657232172 0.028
1657232172 0.028
1657232172 0.028
1657232173 0.028
1657232173 0.028
1657232173 0.028
1657232174 0.028
1657232174 0.028
1657232174 0.028
1657232174 0.028
1657232175 0.028
1657232175 0.028
1657232175 0.028
1657232176 0.028
1657232176 0.028
1657232176 0.028
1657232177 0.028
1657232177 0.028
1657232177 0.028
1657232178 0.028
1657232178 0.028
1657232178 0.028
1657232179 0.028
1657232179 0.028
1657232179 0.028
1657232180 0.028
1657232180 0.028
1657232181 0.028
1657232182 0.028
1657232182 0.028
1657232183 0.028
1657232183 0.028
1657232184 0.028
1657232184 0.028
1657232184 0.028
1657232185 0.028
1657232185 0.028
1657232185 0.028
1657232186 0.028
1657232186 0.028
1657232186 0.028
1657232187 0.028
1657232187 0.028
1657232187 0.028
1657232188 0.028
1657232188 0.028
1657232188 0.028
1657232188 0.028
1657232189 0.028
1657232189 0.028
1657232189 0.028
1657232190 0.028
1657232190 0.028
1657232191 0.028
1657232191 0.028
1657232191 0.028
1657232192 0.028
1657232192 0.028
1657232192 0.028
1657232193 0.028
1657232193 0.028
1657232193 0.028
1657232194 0.028
1657232194 0.028
1657232195 0.028
1657232195 0.028
1657232196 0.028
1657232196 0.028
1657232196 0.026
1657232197 0.028
1657232197 0.026
1657232197 0.026
1657232198 0.026
1657232198 0.026
1657232198 0.026
1657232199 0.026
1657232199 0.026
1657232200 0.028
1657232200 0.026
1657232200 0.026
1657232201 0.026
1657232201 0.026
1657232202 0.026
1657232202 0.026
1657232202 0.026
1657232203 0.026
1657232203 0.026
1657232203 0.026
1657232203 0.026
1657232204 0.026
1657232204 0.026
1657232204 0.026
1657232205 0.026
1657232205 0.026
1657232205 0.026
1657232206 0.026
1657232207 0.026
1657232207 0.026
1657232207 0.026
1657232208 0.026
1657232208 0.026
1657232208 0.026
1657232208 0.026
1657232209 0.026
1657232209 0.026
1657232209 0.026
1657232210 0.026
1657232210 0.026
1657232210 0.026
1657232211 0.026
1657232211 0.026
1657232211 0.026
1657232212 0.026
1657232212 0.026
1657232212 0.026
1657232213 0.026
1657232213 0.026
1657232213 0.026
1657232214 0.026
1657232214 0.026
1657232214 0.026
1657232215 0.026
1657232215 0.026
1657232215 0.026
1657232216 0.026
1657232216 0.026
1657232216 0.026
1657232216 0.026
1657232217 0.026
1657232218 0.026
1657232219 0.026
1657232219 0.026
1657232220 0.026
1657232220 0.026
1657232220 0.026
1657232221 0.026
1657232221 0.026
1657232221 0.026
1657232222 0.026
1657232222 0.026
1657232223 0.026
1657232223 0.026
1657232223 0.026
1657232223 0.026
1657232224 0.026
1657232224 0.026
1657232224 0.026
1657232225 0.026
1657232225 0.026
1657232225 0.026
1657232226 0.026
1657232226 0.026
1657232226 0.026
1657232227 0.026
1657232227 0.026
1657232227 0.030
1657232228 0.026
1657232228 0.026
1657232228 0.030
1657232229 0.026
1657232229 0.030
1657232230 0.030
1657232230 0.026
1657232230 0.030
1657232231 0.030
1657232231 0.030
1657232231 0.030
1657232232 0.030
1657232232 0.030
1657232232 0.030
1657232233 0.030
1657232233 0.030
1657232233 0.030
1657232234 0.030
1657232234 0.030
1657232234 0.030
1657232235 0.030
1657232235 0.030
1657232235 0.030
1657232236 0.030
1657232236 0.030
1657232236 0.030
1657232237 0.030
1657232237 0.030
1657232237 0.030
1657232238 0.030
1657232238 0.030
1657232238 0.030
1657232239 0.030
1657232239 0.030
1657232239 0.030
1657232240 0.030
1657232240 0.030
1657232240 0.030
1657232241 0.030
1657232241 0.030
1657232242 0.030
1657232243 0.030
1657232243 0.030
1657232244 0.030
1657232244 0.030
1657232245 0.030
1657232245 0.030
1657232245 0.030
1657232246 0.030
1657232246 0.030
1657232246 0.030
1657232247 0.030
1657232247 0.030
1657232247 0.030
1657232248 0.030
1657232248 0.030
1657232248 0.030
1657232249 0.030
1657232249 0.030
1657232250 0.030
1657232250 0.030
1657232250 0.030
1657232251 0.030
1657232251 0.030
1657232251 0.030
1657232252 0.030
1657232252 0.030
1657232252 0.030
1657232253 0.030
1657232253 0.030
1657232253 0.030
1657232254 0.030
1657232254 0.030
1657232254 0.030
1657232255 0.030
1657232255 0.030
1657232256 0.030
1657232257 0.030
1657232257 0.033
1657232257 0.030
1657232258 0.033
1657232258 0.030
1657232258 0.030
1657232259 0.030
1657232259 0.033
1657232259 0.033
1657232260 0.033
1657232260 0.033
1657232260 0.030
1657232260 0.033
1657232261 0.033
1657232261 0.033
1657232261 0.033
1657232262 0.033
1657232262 0.033
1657232262 0.033
1657232263 0.033
1657232263 0.033
1657232263 0.033
1657232264 0.033
1657232264 0.033
1657232264 0.033
1657232265 0.033
1657232265 0.033
1657232265 0.033
1657232266 0.033
1657232266 0.033
1657232266 0.033
1657232267 0.033
1657232268 0.033
1657232268 0.033
1657232269 0.033
1657232269 0.033
1657232269 0.033
1657232270 0.033
1657232270 0.033
1657232270 0.033
1657232271 0.033
1657232271 0.033
1657232271 0.033
1657232272 0.033
1657232272 0.033
1657232272 0.033
1657232273 0.033
1657232273 0.033
1657232273 0.033
1657232274 0.033
1657232274 0.033
1657232274 0.033
1657232275 0.033
1657232275 0.033
1657232275 0.033
1657232276 0.033
1657232276 0.033
1657232276 0.033
1657232277 0.033
1657232277 0.033
1657232277 0.033
1657232278 0.033
1657232278 0.033
1657232278 0.033
1657232279 0.033
1657232280 0.033
1657232280 0.033
1657232280 0.033
1657232281 0.033
1657232281 0.033
1657232281 0.033
1657232282 0.033
1657232282 0.033
1657232282 0.033
1657232283 0.033
1657232283 0.033
1657232283 0.033
1657232283 0.033
1657232284 0.033
1657232284 0.033
1657232285 0.033
1657232285 0.033
1657232285 0.033
1657232286 0.033
1657232286 0.033
1657232286 0.013
1657232287 0.033
1657232287 0.033
1657232287 0.013
1657232288 0.013
1657232288 0.033
1657232288 0.013
1657232289 0.013
1657232289 0.033
1657232289 0.033
1657232290 0.013
1657232290 0.033
1657232291 0.034
1657232291 0.013
1657232292 0.034
1657232292 0.034
1657232292 0.034
1657232293 0.013
1657232293 0.034
1657232293 0.034
1657232294 0.034
1657232294 0.034
1657232294 0.013
1657232295 0.013
1657232295 0.034
1657232295 0.013
1657232296 0.034
1657232296 0.013
1657232296 0.013
1657232296 0.013
1657232297 0.034
1657232297 0.013
1657232298 0.034
1657232298 0.013
1657232298 0.034
1657232298 0.013
1657232299 0.013
1657232299 0.034
1657232299 0.013
1657232300 0.013
1657232300 0.013
1657232300 0.034
1657232301 0.013
1657232301 0.013
1657232301 0.034
1657232302 0.013
1657232303 0.013
1657232303 0.013
1657232304 0.034
1657232304 0.013
1657232305 0.013
1657232305 0.034
1657232306 0.034
1657232306 0.013
1657232306 0.034
1657232307 0.034
1657232307 0.034
1657232308 0.013
1657232308 0.034
1657232308 0.013
1657232309 0.034
1657232309 0.013
1657232309 0.034
1657232310 0.034
1657232310 0.034
1657232311 0.034
1657232311 0.034
1657232311 0.013
1657232312 0.013
1657232312 0.034
1657232312 0.034
1657232312 0.013
1657232313 0.013
1657232313 0.013
1657232313 0.034
1657232314 0.034
1657232314 0.013
1657232314 0.034
1657232315 0.034
1657232315 0.034
1657232315 0.013
1657232316 0.013
1657232316 0.034
1657232317 0.051
1657232317 0.034
1657232317 0.034
1657232318 0.034
1657232318 0.051
1657232318 0.051
1657232319 0.034
1657232319 0.051
1657232319 0.034
1657232320 0.051
1657232320 0.051
1657232320 0.034
1657232321 0.051
1657232321 0.030
1657232321 0.030
1657232322 0.030
1657232322 0.051
1657232322 0.030
1657232323 0.030
1657232323 0.051
1657232323 0.051
1657232324 0.030
1657232324 0.030
1657232324 0.051
1657232324 0.030
1657232325 0.030
1657232325 0.030
1657232325 0.030
1657232326 0.051
1657232326 0.051
1657232326 0.051
1657232327 0.030
1657232327 0.030
1657232328 0.051
1657232328 0.030
1657232329 0.051
1657232329 0.030
1657232329 0.051
1657232330 0.030
1657232330 0.030
1657232330 0.030
1657232330 0.030
1657232331 0.051
1657232331 0.030
1657232331 0.030
1657232332 0.030
1657232332 0.030
1657232332 0.030
1657232333 0.030
1657232333 0.030
1657232333 0.030
1657232334 0.030
1657232334 0.051
1657232334 0.030
1657232335 0.030
1657232335 0.051
1657232335 0.051
1657232336 0.030
1657232336 0.051
1657232336 0.051
1657232337 0.051
1657232337 0.051
1657232337 0.030
1657232338 0.030
1657232338 0.051
1657232339 0.051
1657232340 0.051
1657232340 0.051
1657232340 0.030
1657232341 0.030
1657232341 0.051
1657232341 0.030
1657232342 0.030
1657232342 0.051
1657232342 0.051
1657232343 0.051
1657232343 0.030
1657232343 0.051
1657232344 0.030
1657232344 0.030
1657232344 0.030
1657232345 0.051
1657232345 0.051
1657232345 0.030
1657232345 0.030
1657232346 0.030
1657232346 0.018
1657232346 0.030
1657232347 0.030
1657232347 0.030
1657232347 0.030
1657232348 0.018
1657232348 0.030
1657232348 0.018
1657232349 0.018
1657232349 0.030
1657232349 0.030
1657232350 0.030
1657232350 0.018
1657232351 0.018
1657232351 0.018
1657232351 0.018
1657232352 0.018
1657232352 0.018
1657232352 0.018
1657232353 0.018
1657232353 0.018
1657232353 0.018
1657232354 0.018
1657232354 0.018
1657232354 0.018
1657232355 0.018
1657232355 0.018
1657232355 0.018
1657232356 0.018
1657232356 0.018
1657232356 0.018
1657232357 0.018
1657232357 0.018
1657232357 0.018
1657232358 0.018
1657232358 0.018
1657232358 0.018
1657232359 0.018
1657232359 0.018
1657232359 0.018
1657232360 0.018
1657232360 0.018
1657232360 0.018
1657232361 0.018
1657232361 0.018
1657232362 0.018
1657232363 0.018
1657232363 0.018
1657232364 0.018
1657232364 0.018
1657232365 0.018
1657232365 0.018
1657232365 0.018
1657232366 0.018
1657232366 0.018
1657232366 0.018
1657232367 0.018
1657232367 0.018
1657232367 0.018
1657232368 0.018
1657232368 0.018
1657232368 0.018
1657232369 0.018
1657232369 0.018
1657232370 0.018
1657232370 0.018
1657232370 0.018
1657232371 0.018
1657232371 0.018
1657232371 0.018
1657232371 0.018
1657232372 0.018
1657232372 0.018
1657232373 0.018
1657232373 0.018
1657232373 0.018
1657232374 0.018
1657232374 0.018
1657232374 0.018
1657232375 0.018
1657232375 0.018
1657232376 0.018
1657232376 0.032
1657232377 0.032
1657232377 0.032
1657232377 0.018
1657232377 0.032
1657232378 0.018
1657232378 0.032
1657232378 0.032
1657232379 0.032
1657232379 0.032
1657232379 0.032
1657232380 0.018
1657232380 0.018
1657232380 0.032
1657232381 0.032
1657232381 0.032
1657232381 0.032
1657232382 0.032
1657232382 0.032
1657232382 0.032
1657232383 0.032
1657232383 0.032
1657232383 0.032
1657232384 0.032
1657232384 0.032
1657232384 0.032
1657232385 0.032
1657232385 0.032
1657232385 0.032
1657232386 0.032
1657232386 0.032
1657232386 0.032
1657232387 0.032
1657232388 0.032
1657232388 0.032
1657232389 0.032
1657232389 0.032
1657232389 0.032
1657232390 0.032
1657232390 0.032
1657232390 0.032
1657232391 0.032
1657232391 0.032
1657232391 0.032
1657232392 0.032
1657232392 0.032
1657232392 0.032
1657232393 0.032
1657232393 0.032
1657232393 0.032
1657232394 0.032
1657232394 0.032
1657232394 0.032
1657232394 0.032
1657232395 0.032
1657232395 0.032
1657232395 0.032
1657232396 0.032
1657232396 0.032
1657232396 0.032
1657232397 0.032
1657232397 0.032
1657232397 0.032
1657232398 0.032
1657232398 0.032
1657232398 0.032
1657232399 0.032
1657232400 0.032
1657232400 0.032
1657232401 0.032
1657232401 0.032
1657232401 0.032
1657232402 0.032
1657232402 0.032
1657232403 0.032
1657232403 0.032
1657232403 0.032
1657232404 0.032
1657232404 0.032
1657232404 0.032
1657232405 0.032
1657232405 0.032
1657232405 0.032
1657232405 0.032
1657232406 0.032
1657232406 0.034
1657232406 0.032
1657232407 0.032
1657232407 0.032
1657232407 0.034
1657232408 0.034
1657232408 0.032
1657232408 0.034
1657232409 0.034
1657232409 0.034
1657232409 0.034
1657232410 0.034
1657232410 0.034
1657232411 0.047
1657232411 0.034
1657232412 0.034
1657232412 0.047
1657232413 0.034
1657232413 0.034
1657232413 0.034
1657232414 0.047
1657232414 0.047
1657232414 0.047
1657232415 0.034
1657232415 0.034
1657232415 0.034
1657232416 0.034
1657232416 0.047
1657232416 0.034
1657232417 0.034
1657232417 0.034
1657232417 0.047
1657232418 0.034
1657232418 0.047
1657232418 0.047
1657232419 0.047
1657232419 0.034
1657232419 0.047
1657232420 0.047
1657232420 0.034
1657232420 0.034
1657232421 0.047
1657232421 0.034
1657232421 0.047
1657232422 0.034
1657232422 0.034
1657232422 0.047
1657232422 0.034
1657232423 0.047
1657232423 0.034
1657232424 0.034
1657232425 0.047
1657232425 0.047
1657232426 0.034
1657232426 0.047
1657232427 0.034
1657232427 0.047
1657232427 0.034
1657232428 0.047
1657232428 0.034
1657232428 0.047
1657232429 0.047
1657232429 0.034
1657232429 0.034
1657232430 0.047
1657232430 0.034
1657232431 0.047
1657232431 0.047
1657232431 0.047
1657232432 0.034
1657232432 0.034
1657232432 0.047
1657232433 0.034
1657232433 0.047
1657232433 0.034
1657232434 0.034
1657232434 0.047
1657232434 0.034
1657232434 0.047
1657232435 0.034
1657232435 0.047
1657232435 0.034
1657232436 0.034
1657232436 0.047
1657232437 0.047
1657232437 0.026
1657232438 0.047
1657232438 0.026
1657232439 0.047
1657232439 0.026
1657232439 0.026
1657232440 0.026
1657232440 0.026
1657232440 0.028
1657232441 0.028
1657232441 0.028
1657232441 0.028
1657232442 0.028
1657232442 0.026
1657232442 0.028
1657232443 0.028
1657232443 0.028
1657232443 0.028
1657232444 0.028
1657232444 0.028
1657232444 0.028
1657232445 0.028
1657232445 0.028
1657232445 0.028
1657232446 0.026
1657232446 0.028
1657232446 0.026
1657232446 0.028
1657232447 0.026
1657232447 0.026
1657232447 0.028
1657232448 0.026
1657232448 0.026
1657232448 0.026
1657232449 0.028
1657232450 0.028
1657232450 0.026
1657232450 0.028
1657232451 0.026
1657232451 0.026
1657232451 0.026
1657232452 0.028
1657232452 0.028
1657232452 0.028
1657232453 0.028
1657232453 0.026
1657232453 0.026
1657232454 0.026
1657232454 0.028
1657232454 0.028
1657232454 0.028
1657232455 0.028
1657232455 0.026
1657232455 0.026
1657232456 0.028
1657232456 0.028
1657232456 0.026
1657232457 0.028
1657232457 0.026
1657232457 0.028
1657232458 0.028
1657232458 0.026
1657232458 0.026
1657232459 0.026
1657232459 0.026
1657232460 0.028
1657232460 0.028
1657232461 0.026
1657232461 0.026
1657232462 0.028
1657232462 0.026
1657232462 0.028
1657232463 0.028
1657232463 0.028
1657232463 0.028
1657232464 0.028
1657232464 0.026
1657232464 0.026
1657232465 0.026
1657232465 0.026
1657232465 0.028
1657232466 0.028
1657232466 0.028
1657232467 0.028
1657232467 0.032
1657232467 0.032
1657232468 0.032
1657232468 0.028
1657232468 0.032
1657232469 0.028
1657232469 0.032
1657232469 0.032
1657232470 0.032
1657232470 0.028
1657232470 0.032
1657232471 0.033
1657232471 0.032
1657232471 0.033
1657232472 0.033
1657232472 0.033
1657232473 0.033
1657232473 0.033
1657232474 0.032
1657232474 0.032
1657232474 0.033
1657232475 0.032
1657232475 0.033
1657232475 0.033
1657232476 0.033
1657232476 0.033
1657232476 0.033
1657232477 0.033
1657232477 0.033
1657232477 0.032
1657232477 0.032
1657232478 0.033
1657232478 0.033
1657232478 0.032
1657232479 0.032
1657232479 0.033
1657232480 0.032
1657232480 0.033
1657232480 0.033
1657232481 0.033
1657232481 0.032
1657232481 0.033
1657232482 0.032
1657232482 0.032
1657232482 0.033
1657232483 0.032
1657232483 0.032
1657232483 0.033
1657232484 0.033
1657232484 0.033
1657232485 0.033
1657232485 0.032
1657232486 0.032
1657232487 0.033
1657232487 0.033
1657232488 0.032
1657232488 0.032
1657232488 0.032
1657232489 0.032
1657232489 0.032
1657232490 0.033
1657232490 0.032
1657232490 0.032
1657232491 0.033
1657232491 0.033
1657232491 0.032
1657232492 0.032
1657232492 0.033
1657232492 0.032
1657232493 0.033
1657232493 0.032
1657232493 0.033
1657232493 0.033
1657232494 0.033
1657232494 0.032
1657232494 0.033
1657232495 0.032
1657232495 0.033
1657232495 0.033
1657232496 0.032
1657232496 0.035
1657232496 0.033
1657232497 0.035
1657232497 0.033
1657232498 0.033
1657232498 0.035
1657232499 0.035
1657232499 0.033
1657232499 0.033
1657232500 0.035
1657232500 0.035
1657232500 0.033
1657232501 0.032
1657232501 0.035
1657232501 0.035
1657232502 0.035
1657232502 0.032
1657232502 0.032
1657232503 0.032
1657232503 0.032
1657232503 0.035
1657232504 0.035
1657232504 0.035
1657232504 0.035
1657232505 0.035
1657232505 0.032
1657232505 0.032
1657232505 0.032
1657232506 0.032
1657232506 0.035
1657232506 0.035
1657232507 0.032
1657232507 0.035
1657232507 0.032
1657232508 0.032
1657232508 0.035
1657232508 0.032
1657232509 0.035
1657232510 0.035
1657232510 0.032
1657232511 0.032
1657232511 0.032
1657232511 0.035
1657232512 0.032
1657232512 0.035
1657232512 0.035
1657232513 0.035
1657232513 0.032
1657232513 0.035
1657232514 0.032
1657232514 0.035
1657232514 0.032
1657232515 0.035
1657232515 0.032
1657232515 0.035
1657232516 0.035
1657232516 0.035
1657232516 0.032
1657232517 0.032
1657232517 0.035
1657232517 0.035
1657232518 0.035
1657232518 0.035
1657232518 0.032
1657232519 0.032
1657232519 0.032
1657232520 0.035
1657232520 0.035
1657232520 0.032
1657232521 0.032
1657232522 0.035
1657232522 0.035
1657232522 0.035
1657232523 0.032
1657232523 0.032
1657232523 0.032
1657232524 0.032
1657232524 0.032
1657232524 0.032
1657232525 0.032
1657232525 0.035
1657232525 0.035
1657232526 0.032
1657232526 0.032
1657232526 0.024
1657232527 0.032
1657232527 0.032
1657232527 0.032
1657232528 0.024
1657232528 0.024
1657232528 0.032
1657232529 0.024
1657232529 0.024
1657232529 0.032
1657232530 0.032
1657232530 0.024
1657232530 0.029
1657232531 0.029
1657232531 0.029
1657232532 0.029
1657232532 0.024
1657232533 0.029
1657232533 0.024
1657232533 0.024
1657232534 0.029
1657232534 0.029
1657232534 0.029
1657232535 0.029
1657232535 0.029
1657232535 0.029
1657232536 0.029
1657232536 0.024
1657232536 0.029
1657232537 0.024
1657232537 0.024
1657232537 0.029
1657232538 0.029
1657232538 0.029
1657232538 0.024
1657232539 0.024
1657232539 0.024
1657232539 0.024
1657232540 0.024
1657232540 0.029
1657232540 0.029
1657232540 0.029
1657232541 0.029
1657232541 0.029
1657232541 0.024
1657232542 0.029
1657232542 0.024
1657232542 0.024
1657232543 0.024
1657232543 0.024
1657232544 0.024
1657232545 0.024
1657232545 0.024
1657232546 0.029
1657232546 0.029
1657232547 0.029
1657232547 0.024
1657232547 0.029
1657232548 0.024
1657232548 0.024
1657232548 0.024
1657232549 0.024
1657232549 0.029
1657232549 0.024
1657232550 0.029
1657232550 0.029
1657232551 0.024
1657232551 0.029
1657232551 0.024
1657232552 0.029
1657232552 0.024
1657232552 0.029
1657232553 0.029
1657232553 0.024
1657232553 0.029
1657232554 0.029
1657232554 0.029
1657232554 0.029
1657232555 0.024
1657232555 0.029
1657232555 0.029
1657232555 0.024
1657232556 0.024
1657232556 0.029
1657232557 0.044
1657232557 0.044
1657232558 0.029
1657232558 0.044
1657232559 0.029
1657232559 0.029
1657232559 0.044
1657232560 0.044
1657232560 0.044
1657232560 0.044
1657232561 0.026
1657232561 0.044
1657232561 0.026
1657232562 0.044
1657232562 0.026
1657232562 0.044
1657232563 0.026
1657232563 0.026
1657232563 0.044
1657232564 0.026
1657232564 0.044
1657232564 0.044
1657232564 0.026
1657232565 0.044
1657232565 0.026
1657232565 0.044
1657232566 0.044
1657232566 0.044
1657232566 0.026
1657232567 0.044
1657232567 0.026
1657232567 0.026
1657232568 0.044
1657232568 0.026
1657232568 0.026
1657232569 0.026
1657232569 0.026
1657232570 0.044
1657232571 0.044
1657232571 0.044
1657232571 0.044
1657232572 0.044
1657232572 0.044
1657232572 0.026
1657232573 0.026
1657232573 0.044
1657232573 0.044
1657232574 0.044
1657232574 0.026
1657232574 0.044
1657232575 0.044
1657232575 0.044
1657232575 0.026
1657232576 0.026
1657232576 0.026
1657232576 0.044
1657232577 0.044
1657232577 0.026
1657232577 0.026
1657232578 0.044
1657232578 0.044
1657232578 0.026
1657232579 0.026
1657232579 0.044
1657232580 0.026
1657232580 0.026
1657232581 0.044
1657232581 0.026
1657232582 0.026
1657232582 0.026
1657232583 0.026
1657232583 0.026
1657232583 0.026
1657232584 0.044
1657232584 0.044
1657232584 0.026
1657232585 0.044
1657232585 0.026
1657232585 0.026
1657232586 0.026
1657232586 0.026
1657232586 0.026
1657232587 0.013
1657232587 0.013
1657232587 0.013
1657232588 0.013
1657232588 0.013
1657232588 0.026
1657232588 0.026
1657232589 0.013
1657232589 0.013
1657232590 0.026
1657232590 0.026
1657232590 0.026
1657232591 0.034
1657232591 0.034
1657232591 0.013
1657232592 0.013
1657232592 0.034
1657232592 0.013
1657232593 0.034
1657232593 0.013
1657232594 0.013
1657232594 0.034
1657232595 0.013
1657232595 0.013
1657232595 0.013
1657232595 0.013
1657232596 0.034
1657232596 0.013
1657232596 0.034
1657232597 0.034
1657232597 0.013
1657232597 0.013
1657232598 0.013
1657232598 0.034
1657232598 0.013
1657232599 0.034
1657232599 0.013
1657232599 0.013
1657232600 0.013
1657232600 0.013
1657232600 0.013
1657232601 0.013
1657232601 0.034
1657232601 0.034
1657232602 0.034
1657232602 0.013
1657232602 0.013
1657232603 0.013
1657232603 0.013
1657232603 0.013
1657232604 0.013
1657232604 0.034
1657232604 0.034
1657232605 0.013
1657232605 0.013
1657232606 0.034
1657232606 0.034
1657232607 0.013
1657232608 0.013
1657232608 0.034
1657232608 0.013
1657232609 0.034
1657232609 0.013
1657232609 0.013
1657232610 0.034
1657232610 0.013
1657232611 0.034
1657232611 0.013
1657232611 0.013
1657232612 0.013
1657232612 0.034
1657232612 0.034
1657232613 0.034
1657232613 0.034
1657232613 0.013
1657232614 0.013
1657232614 0.034
1657232614 0.034
1657232615 0.013
1657232615 0.013
1657232615 0.013
1657232616 0.034
1657232616 0.034
1657232616 0.036
1657232617 0.034
1657232617 0.034
1657232617 0.034
1657232618 0.034
1657232618 0.034
1657232618 0.034
1657232619 0.034
1657232619 0.034
1657232620 0.036
1657232621 0.031
1657232621 0.036
1657232621 0.031
1657232622 0.031
1657232622 0.036
1657232622 0.031
1657232623 0.036
1657232623 0.036
1657232623 0.036
1657232624 0.031
1657232624 0.036
1657232624 0.031
1657232625 0.031
1657232625 0.031
1657232625 0.031
1657232626 0.031
1657232626 0.036
1657232626 0.031
1657232627 0.031
1657232627 0.036
1657232627 0.036
1657232628 0.036
1657232628 0.036
1657232628 0.036
1657232629 0.036
1657232629 0.031
1657232629 0.031
1657232630 0.031
1657232630 0.036
1657232630 0.036
1657232631 0.036
1657232632 0.031
1657232632 0.036
1657232632 0.036
1657232633 0.031
1657232633 0.031
1657232633 0.031
1657232634 0.031
1657232634 0.031
1657232634 0.036
1657232635 0.031
1657232635 0.031
1657232635 0.036
1657232636 0.031
1657232636 0.031
1657232636 0.036
1657232637 0.031
1657232637 0.031
1657232637 0.031
1657232638 0.036
1657232638 0.031
1657232638 0.036
1657232639 0.036
1657232639 0.036
1657232640 0.031
1657232640 0.036
1657232640 0.031
1657232641 0.036
1657232641 0.031
1657232641 0.036
1657232642 0.036
1657232642 0.031
1657232642 0.036
1657232643 0.031
1657232644 0.036
1657232644 0.036
1657232645 0.036
1657232645 0.036
1657232645 0.036
1657232646 0.036
1657232646 0.036
1657232646 0.031
1657232647 0.031
1657232647 0.031
1657232647 0.031
1657232647 0.032
1657232648 0.032
1657232648 0.032
1657232648 0.031
1657232649 0.031
1657232649 0.032
1657232649 0.031
1657232650 0.032
1657232650 0.031
1657232650 0.031
1657232651 0.032
1657232651 0.031
1657232651 0.032
1657232652 0.031
1657232652 0.031
1657232652 0.031
1657232653 0.032
1657232653 0.031
1657232653 0.032
1657232654 0.031
1657232654 0.031
1657232654 0.032
1657232655 0.031
1657232655 0.032
1657232656 0.031
1657232656 0.031
1657232656 0.032
1657232657 0.031
1657232657 0.031
1657232657 0.032
1657232658 0.031
1657232658 0.032
1657232658 0.032
1657232659 0.032
1657232659 0.031
1657232659 0.031
1657232660 0.032
1657232660 0.031
1657232660 0.031
1657232661 0.031
1657232661 0.032
1657232661 0.031
1657232662 0.032
1657232662 0.031
1657232662 0.032
1657232663 0.031
1657232663 0.032
1657232663 0.032
1657232664 0.031
1657232664 0.032
1657232664 0.031
1657232664 0.031
1657232665 0.032
1657232665 0.031
1657232665 0.031
1657232666 0.031
1657232666 0.032
1657232666 0.032
1657232667 0.031
1657232668 0.031
1657232668 0.031
1657232669 0.032
1657232669 0.032
1657232670 0.031
1657232670 0.032
1657232671 0.032
1657232671 0.032
1657232671 0.031
1657232672 0.032
1657232672 0.032
1657232672 0.032
1657232673 0.031
1657232673 0.031
1657232673 0.031
1657232674 0.032
1657232674 0.031
1657232674 0.032
1657232675 0.031
1657232675 0.031
1657232675 0.031
1657232676 0.032
1657232676 0.032
1657232676 0.028
1657232677 0.031
1657232677 0.028
1657232677 0.028
1657232678 0.031
1657232678 0.031
1657232678 0.028
1657232679 0.031
1657232679 0.028
1657232679 0.031
1657232680 0.028
1657232680 0.028
1657232681 0.013
1657232681 0.028
1657232682 0.013
1657232682 0.028
1657232683 0.028
1657232683 0.013
1657232683 0.013
1657232684 0.028
1657232684 0.028
1657232684 0.013
1657232685 0.028
1657232685 0.028
1657232685 0.013
1657232686 0.028
1657232686 0.013
1657232686 0.013
1657232687 0.028
1657232687 0.013
1657232687 0.013
1657232688 0.028
1657232688 0.028
1657232688 0.028
1657232689 0.028
1657232689 0.013
1657232689 0.013
1657232690 0.013
1657232690 0.028
1657232690 0.013
1657232691 0.013
1657232691 0.013
1657232691 0.028
1657232691 0.013
1657232692 0.013
1657232692 0.013
1657232693 0.028
1657232693 0.028
1657232694 0.028
1657232694 0.013
1657232694 0.028
1657232695 0.013
1657232695 0.013
1657232695 0.013
1657232696 0.013
1657232696 0.028
1657232696 0.013
1657232697 0.013
1657232697 0.013
1657232698 0.013
1657232698 0.028
1657232698 0.013
1657232699 0.028
1657232699 0.028
1657232699 0.028
1657232700 0.013
1657232700 0.028
1657232701 0.013
1657232701 0.028
1657232701 0.013
1657232702 0.013
1657232702 0.013
1657232702 0.013
1657232703 0.013
1657232703 0.013
1657232703 0.028
1657232704 0.013
1657232704 0.013
1657232704 0.028
1657232705 0.028
1657232705 0.013
1657232706 0.013
1657232706 0.032
1657232707 0.032
1657232707 0.013
1657232707 0.032
1657232708 0.013
1657232708 0.032
1657232708 0.013
1657232709 0.013
1657232709 0.032
1657232709 0.032
1657232710 0.032
1657232710 0.032
1657232710 0.013
1657232711 0.032
1657232711 0.032
1657232711 0.032
1657232712 0.032
1657232712 0.032
1657232712 0.032
1657232712 0.032
1657232713 0.032
1657232713 0.032
1657232713 0.032
1657232714 0.032
1657232714 0.032
1657232714 0.032
1657232715 0.032
1657232715 0.032
1657232715 0.032
1657232716 0.032
1657232716 0.032
1657232716 0.032
1657232717 0.032
1657232718 0.032
1657232718 0.032
1657232718 0.032
1657232719 0.032
1657232719 0.032
1657232719 0.032
1657232720 0.032
1657232720 0.032
1657232720 0.032
1657232721 0.032
1657232721 0.032
1657232721 0.032
1657232722 0.032
1657232722 0.032
1657232722 0.032
1657232722 0.032
1657232723 0.032
1657232723 0.032
1657232723 0.032
1657232724 0.032
1657232724 0.032
1657232724 0.032
1657232725 0.032
1657232725 0.032
1657232725 0.032
1657232726 0.032
1657232726 0.032
1657232726 0.032
1657232727 0.032
1657232727 0.032
1657232727 0.032
1657232727 0.032
1657232728 0.032
1657232729 0.032
1657232729 0.032
1657232730 0.032
1657232731 0.032
1657232731 0.032
1657232732 0.032
1657232732 0.032
1657232732 0.032
1657232733 0.032
1657232733 0.032
1657232733 0.032
1657232734 0.032
1657232734 0.032
1657232734 0.032
1657232735 0.032
1657232735 0.032
1657232735 0.032
1657232736 0.032
1657232736 0.032
1657232736 0.035
1657232737 0.032
1657232737 0.035
1657232737 0.032
1657232738 0.032
1657232738 0.035
1657232738 0.032
1657232739 0.035
1657232739 0.035
1657232739 0.032
1657232740 0.035
1657232740 0.032
1657232740 0.035
1657232741 0.035
1657232741 0.035
1657232741 0.035
1657232742 0.035
1657232742 0.035
1657232743 0.035
1657232744 0.035
1657232744 0.035
1657232744 0.035
1657232745 0.035
1657232745 0.035
1657232745 0.035
1657232746 0.035
1657232746 0.035
1657232746 0.035
1657232747 0.035
1657232747 0.035
1657232747 0.035
1657232748 0.035
1657232748 0.035
1657232748 0.035
1657232749 0.035
1657232749 0.035
1657232749 0.035
1657232750 0.035
1657232750 0.035
1657232750 0.035
1657232751 0.035
1657232751 0.035
1657232751 0.035
1657232752 0.035
1657232752 0.035
1657232752 0.035
1657232753 0.035
1657232753 0.035
1657232753 0.035
1657232754 0.035
1657232754 0.035
1657232755 0.035
1657232755 0.035
1657232756 0.035
1657232756 0.035
1657232756 0.035
1657232757 0.035
1657232757 0.035
1657232757 0.035
1657232758 0.035
1657232758 0.035
1657232758 0.035
1657232759 0.035
1657232759 0.035
1657232759 0.035
1657232760 0.035
1657232760 0.035
1657232760 0.035
1657232761 0.035
1657232761 0.035
1657232761 0.035
1657232762 0.035
1657232762 0.035
1657232762 0.035
1657232763 0.035
1657232763 0.035
1657232763 0.035
1657232764 0.035
1657232764 0.035
1657232764 0.035
1657232765 0.035
1657232765 0.035
1657232765 0.035
1657232766 0.035
1657232766 0.035
1657232767 0.035
1657232767 0.026
1657232767 0.035
1657232768 0.035
1657232768 0.035
1657232768 0.035
1657232769 0.035
1657232769 0.035
1657232769 0.026
1657232770 0.035
1657232770 0.035
1657232770 0.035
1657232771 0.041
1657232771 0.041
1657232771 0.026
1657232772 0.041
1657232772 0.026
1657232772 0.026
1657232773 0.041
1657232773 0.041
1657232773 0.026
1657232774 0.041
1657232774 0.026
1657232774 0.026
1657232775 0.026
1657232775 0.041
1657232775 0.026
1657232776 0.026
1657232776 0.041
1657232776 0.041
1657232777 0.026
1657232777 0.026
1657232777 0.026
1657232778 0.041
1657232779 0.026
1657232779 0.026
1657232779 0.026
1657232780 0.041
1657232780 0.026
1657232780 0.026
1657232781 0.026
1657232781 0.026
1657232781 0.041
1657232782 0.041
1657232782 0.026
1657232782 0.041
1657232783 0.041
1657232783 0.026
1657232783 0.041
1657232784 0.041
1657232784 0.041
1657232784 0.041
1657232785 0.026
1657232785 0.026
1657232786 0.026
1657232786 0.041
1657232786 0.041
1657232787 0.026
1657232787 0.026
1657232787 0.026
1657232788 0.026
1657232788 0.026
1657232788 0.041
1657232789 0.041
1657232789 0.041
1657232790 0.041
1657232791 0.026
1657232791 0.041
1657232792 0.026
1657232792 0.041
1657232793 0.041
1657232793 0.041
1657232793 0.026
1657232794 0.041
1657232794 0.026
1657232794 0.026
1657232795 0.041
1657232795 0.041
1657232795 0.041
1657232796 0.041
1657232796 0.041
1657232797 0.034
1657232797 0.034
1657232797 0.034
1657232798 0.034
1657232798 0.041
1657232798 0.041
1657232799 0.034
1657232799 0.034
1657232799 0.034
1657232800 0.041
1657232800 0.034
1657232800 0.041
1657232800 0.018
1657232801 0.018
1657232801 0.034
1657232801 0.034
1657232802 0.034
1657232802 0.018
1657232802 0.034
1657232803 0.034
1657232804 0.018
1657232804 0.034
1657232804 0.034
1657232805 0.018
1657232805 0.034
1657232806 0.034
1657232806 0.034
1657232806 0.018
1657232807 0.018
1657232807 0.018
1657232807 0.018
1657232807 0.034
1657232808 0.018
1657232808 0.018
1657232808 0.034
1657232809 0.018
1657232809 0.018
1657232809 0.034
1657232810 0.034
1657232810 0.018
1657232810 0.034
1657232811 0.034
1657232811 0.034
1657232811 0.034
1657232812 0.034
1657232812 0.034
1657232812 0.018
1657232813 0.034
1657232813 0.034
1657232813 0.034
1657232814 0.018
1657232814 0.018
1657232814 0.018
1657232814 0.018
1657232815 0.034
1657232816 0.034
1657232816 0.034
1657232816 0.018
1657232817 0.034
1657232817 0.034
1657232817 0.034
1657232818 0.018
1657232818 0.034
1657232818 0.034
1657232819 0.018
1657232819 0.018
1657232819 0.034
1657232820 0.018
1657232820 0.018
1657232821 0.018
1657232821 0.018
1657232821 0.018
1657232822 0.034
1657232822 0.018
1657232822 0.034
1657232823 0.034
1657232823 0.034
1657232823 0.018
1657232824 0.018
1657232824 0.018
1657232824 0.034
1657232826 0.034
1657232827 0.018
1657232827 0.029
1657232828 0.029
1657232828 0.018
1657232828 0.018
1657232829 0.018
1657232829 0.018
1657232829 0.029
1657232830 0.018
1657232830 0.018
1657232830 0.029
1657232831 0.029
1657232831 0.029
1657232831 0.029
1657232832 0.029
1657232832 0.029
1657232832 0.029
1657232833 0.029
1657232833 0.029
1657232833 0.029
1657232834 0.029
1657232834 0.029
1657232834 0.029
1657232835 0.029
1657232835 0.029
1657232835 0.029
1657232836 0.029
1657232836 0.029
1657232836 0.029
1657232837 0.029
1657232837 0.029
1657232838 0.029
1657232838 0.029
1657232839 0.029
1657232839 0.029
1657232839 0.029
1657232840 0.029
1657232840 0.029
1657232840 0.029
1657232841 0.029
1657232841 0.029
1657232841 0.029
1657232842 0.029
1657232842 0.029
1657232842 0.029
1657232843 0.029
1657232843 0.029
1657232843 0.029
1657232844 0.029
1657232844 0.029
1657232844 0.029
1657232845 0.029
1657232845 0.029
1657232845 0.029
1657232846 0.029
1657232846 0.029
1657232846 0.029
1657232847 0.029
1657232847 0.029
1657232847 0.029
1657232848 0.029
1657232848 0.029
1657232848 0.029
1657232849 0.029
1657232849 0.029
1657232850 0.029
1657232851 0.029
1657232851 0.029
1657232852 0.029
1657232852 0.029
1657232853 0.029
1657232853 0.029
1657232853 0.029
1657232854 0.029
1657232854 0.029
1657232854 0.029
1657232855 0.029
1657232855 0.029
1657232855 0.029
1657232856 0.029
1657232856 0.029
1657232856 0.039
1657232857 0.039
1657232857 0.029
1657232857 0.029
1657232857 0.039
1657232858 0.039
1657232858 0.039
1657232858 0.029
1657232859 0.039
1657232859 0.039
1657232859 0.029
1657232860 0.039
1657232860 0.039
1657232861 0.039
1657232861 0.039
1657232861 0.039
1657232862 0.039
1657232862 0.039
1657232862 0.039
1657232863 0.039
1657232863 0.039
1657232864 0.039
1657232864 0.039
1657232865 0.039
1657232865 0.039
1657232865 0.039
1657232866 0.039
1657232866 0.039
1657232866 0.039
1657232867 0.039
1657232867 0.039
1657232867 0.039
1657232868 0.039
1657232868 0.039
1657232868 0.039
1657232869 0.039
1657232869 0.039
1657232869 0.039
1657232870 0.039
1657232870 0.039
1657232870 0.039
1657232870 0.039
1657232871 0.039
1657232871 0.039
1657232871 0.039
1657232872 0.039
1657232872 0.039
1657232872 0.039
1657232873 0.039
1657232873 0.039
1657232873 0.039
1657232874 0.039
1657232874 0.039
1657232874 0.039
1657232875 0.039
1657232875 0.039
1657232876 0.039
1657232876 0.039
1657232877 0.039
1657232877 0.039
1657232877 0.039
1657232878 0.039
1657232878 0.039
1657232879 0.039
1657232879 0.039
1657232879 0.039
1657232880 0.039
1657232880 0.039
1657232880 0.039
1657232881 0.039
1657232881 0.039
1657232881 0.039
1657232882 0.039
1657232882 0.039
1657232882 0.039
1657232883 0.039
1657232883 0.039
1657232883 0.039
1657232884 0.039
1657232884 0.039
1657232884 0.039
1657232885 0.039
1657232885 0.039
1657232886 0.039
1657232886 0.039
1657232887 0.016
1657232887 0.039
1657232888 0.016
1657232888 0.039
1657232888 0.016
1657232888 0.016
1657232889 0.016
1657232889 0.016
1657232890 0.016
1657232890 0.016
1657232890 0.016
1657232891 0.016
1657232891 0.037
1657232891 0.037
1657232892 0.037
1657232892 0.037
1657232892 0.016
1657232893 0.016
1657232893 0.016
1657232893 0.016
1657232894 0.016
1657232894 0.037
1657232894 0.016
1657232895 0.016
1657232895 0.037
1657232895 0.037
1657232896 0.037
1657232896 0.016
1657232896 0.037
1657232897 0.037
1657232897 0.037
1657232897 0.016
1657232898 0.037
1657232899 0.037
1657232899 0.037
1657232899 0.016
1657232899 0.037
1657232900 0.016
1657232900 0.037
1657232900 0.016
1657232901 0.016
1657232901 0.016
1657232902 0.016
1657232902 0.037
1657232902 0.037
1657232903 0.016
1657232903 0.037
1657232903 0.037
1657232904 0.037
1657232904 0.037
1657232904 0.037
1657232905 0.037
1657232905 0.037
1657232905 0.016
1657232906 0.016
1657232906 0.037
1657232906 0.016
1657232907 0.016
1657232907 0.016
1657232907 0.037
1657232908 0.037
1657232908 0.016
1657232909 0.037
1657232909 0.016
1657232910 0.016
1657232911 0.037
1657232911 0.016
1657232912 0.037
1657232912 0.037
1657232913 0.037
1657232913 0.037
1657232913 0.016
1657232914 0.016
1657232914 0.037
1657232914 0.016
1657232915 0.037
1657232915 0.016
1657232915 0.016
1657232916 0.037
1657232916 0.037
1657232916 0.037
1657232917 0.039
1657232917 0.039
1657232917 0.039
1657232918 0.037
1657232918 0.037
1657232918 0.037
1657232919 0.037
1657232919 0.039
1657232919 0.037
1657232920 0.039
1657232920 0.037
1657232920 0.039
1657232921 0.039
1657232921 0.018
1657232921 0.039
1657232922 0.018
1657232922 0.039
1657232923 0.018
1657232923 0.039
1657232924 0.039
1657232924 0.039
1657232924 0.018
1657232925 0.018
1657232925 0.018
1657232925 0.018
1657232925 0.018
1657232926 0.018
1657232926 0.018
1657232926 0.018
1657232927 0.039
1657232927 0.018
1657232927 0.039
1657232928 0.039
1657232928 0.039
1657232929 0.018
1657232929 0.039
1657232929 0.018
1657232930 0.039
1657232930 0.018
1657232930 0.018
1657232931 0.039
1657232931 0.018
1657232931 0.018
1657232931 0.018
1657232932 0.039
1657232932 0.039
1657232932 0.018
1657232933 0.018
1657232933 0.039
1657232934 0.039
1657232934 0.018
1657232935 0.018
1657232935 0.018
1657232936 0.039
1657232936 0.018
1657232936 0.039
1657232937 0.039
1657232937 0.039
1657232937 0.039
1657232938 0.039
1657232938 0.039
1657232938 0.018
1657232939 0.039
1657232939 0.039
1657232939 0.039
1657232940 0.018
1657232940 0.018
1657232940 0.018
1657232941 0.039
1657232941 0.039
1657232941 0.039
1657232942 0.039
1657232942 0.018
1657232942 0.039
1657232943 0.039
1657232943 0.039
1657232943 0.018
1657232944 0.018
1657232944 0.018
1657232944 0.018
1657232945 0.018
1657232945 0.039
1657232945 0.018
1657232946 0.018
1657232947 0.032
1657232947 0.018
1657232947 0.018
1657232948 0.032
1657232948 0.018
1657232948 0.018
1657232949 0.032
1657232949 0.032
1657232950 0.032
1657232950 0.018
1657232950 0.018
1657232951 0.032
1657232951 0.032
1657232951 0.032
1657232952 0.032
1657232952 0.032
1657232952 0.032
1657232953 0.032
1657232953 0.032
1657232953 0.032
1657232953 0.032
1657232954 0.032
1657232954 0.032
1657232954 0.032
1657232955 0.032
1657232955 0.032
1657232955 0.032
1657232956 0.032
1657232956 0.032
1657232956 0.032
1657232957 0.032
1657232957 0.032
1657232957 0.032
1657232958 0.032
1657232959 0.032
1657232959 0.032
1657232960 0.032
1657232960 0.032
1657232961 0.032
1657232961 0.032
1657232961 0.032
1657232962 0.032
1657232962 0.032
1657232962 0.032
1657232963 0.032
1657232963 0.032
1657232963 0.032
1657232964 0.032
1657232964 0.032
1657232964 0.032
1657232965 0.032
1657232965 0.032
1657232965 0.032
1657232966 0.032
1657232966 0.032
1657232966 0.032
1657232967 0.032
1657232967 0.032
1657232967 0.032
1657232968 0.032
1657232968 0.032
1657232968 0.032
1657232969 0.032
1657232969 0.032
1657232969 0.032
1657232970 0.032
1657232970 0.032
1657232970 0.032
1657232971 0.032
1657232972 0.032
1657232972 0.032
1657232973 0.032
1657232974 0.032
1657232974 0.032
1657232974 0.032
1657232975 0.032
1657232975 0.032
1657232976 0.032
1657232976 0.032
1657232976 0.026
1657232977 0.026
1657232977 0.032
1657232977 0.026
1657232978 0.026
1657232978 0.026
1657232978 0.032
1657232979 0.026
1657232979 0.026
1657232979 0.032
1657232980 0.026
1657232980 0.026
1657232980 0.032
1657232981 0.026
1657232981 0.026
1657232981 0.026
1657232982 0.026
1657232982 0.026
1657232982 0.026
1657232982 0.026
1657232983 0.026
1657232983 0.026
1657232984 0.026
1657232984 0.026
1657232984 0.026
1657232985 0.026
1657232985 0.026
1657232986 0.026
1657232986 0.026
1657232987 0.026
1657232987 0.026
1657232987 0.026
1657232988 0.026
1657232988 0.026
1657232988 0.026
1657232989 0.026
1657232989 0.026
1657232989 0.026
1657232990 0.026
1657232990 0.026
1657232990 0.026
1657232991 0.026
1657232991 0.026
1657232991 0.026
1657232992 0.026
1657232992 0.026
1657232992 0.026
1657232993 0.026
1657232993 0.026
1657232993 0.026
1657232994 0.026
1657232994 0.026
1657232994 0.026
1657232995 0.026
1657232995 0.026
1657232995 0.026
1657232996 0.026
1657232996 0.026
1657232996 0.026
1657232997 0.026
1657232997 0.026
1657232998 0.026
1657232998 0.026
1657232999 0.026
1657232999 0.026
1657232999 0.026
1657233000 0.026
1657233000 0.026
1657233000 0.026
1657233001 0.026
1657233001 0.026
1657233001 0.026
1657233002 0.026
1657233002 0.026
1657233002 0.026
1657233003 0.026
1657233003 0.026
1657233004 0.026
1657233004 0.026
1657233004 0.026
1657233005 0.026
1657233005 0.026
1657233005 0.026
1657233006 0.026
1657233006 0.026
1657233006 0.026
1657233007 0.035
1657233007 0.026
1657233007 0.035
1657233008 0.026
1657233008 0.035
1657233008 0.035
1657233009 0.035
1657233010 0.026
1657233010 0.026
1657233010 0.026
1657233011 0.035
1657233011 0.035
1657233011 0.035
1657233012 0.035
1657233012 0.035
1657233012 0.035
1657233013 0.035
1657233013 0.035
1657233013 0.035
1657233014 0.035
1657233014 0.035
1657233014 0.035
1657233015 0.035
1657233015 0.035
1657233015 0.035
1657233016 0.035
1657233016 0.035
1657233016 0.035
1657233017 0.035
1657233017 0.035
1657233017 0.035
1657233018 0.035
1657233018 0.035
1657233019 0.035
1657233019 0.035
1657233019 0.035
1657233020 0.035
1657233020 0.035
1657233021 0.035
1657233021 0.035
1657233022 0.035
1657233022 0.035
1657233022 0.035
1657233023 0.035
1657233023 0.035
1657233023 0.035
1657233024 0.035
1657233024 0.035
1657233024 0.035
1657233025 0.035
1657233025 0.035
1657233025 0.035
1657233026 0.035
1657233026 0.035
1657233026 0.035
1657233027 0.035
1657233027 0.035
1657233028 0.035
1657233028 0.035
1657233028 0.035
1657233029 0.035
1657233029 0.035
1657233029 0.035
1657233030 0.035
1657233030 0.035
1657233030 0.035
1657233031 0.035
1657233031 0.035
1657233031 0.035
1657233032 0.035
1657233032 0.035
1657233033 0.035
1657233034 0.035
1657233034 0.035
1657233035 0.035
1657233035 0.035
1657233036 0.035
1657233036 0.035
1657233036 0.018
1657233037 0.035
1657233037 0.035
1657233037 0.035
1657233038 0.018
1657233038 0.035
1657233038 0.018
1657233039 0.035
1657233039 0.018
1657233039 0.018
1657233040 0.035
1657233040 0.018
1657233041 0.018
1657233041 0.018
1657233041 0.041
1657233042 0.041
1657233042 0.018
1657233042 0.018
1657233043 0.018
1657233043 0.041
1657233044 0.018
1657233044 0.041
1657233044 0.041
1657233044 0.018
1657233045 0.041
1657233045 0.041
1657233046 0.041
1657233046 0.018
1657233047 0.041
1657233047 0.041
1657233047 0.041
1657233048 0.041
1657233048 0.041
1657233048 0.018
1657233049 0.018
1657233049 0.018
1657233049 0.018
1657233050 0.041
1657233050 0.018
1657233050 0.018
1657233051 0.018
1657233051 0.018
1657233051 0.041
1657233052 0.018
1657233052 0.041
1657233052 0.041
1657233053 0.018
1657233053 0.018
1657233053 0.018
1657233054 0.018
1657233054 0.018
1657233055 0.018
1657233055 0.041
1657233055 0.018
1657233055 0.018
1657233056 0.018
1657233056 0.018
1657233057 0.041
1657233057 0.018
1657233058 0.018
1657233058 0.018
1657233059 0.018
1657233059 0.018
1657233059 0.041
1657233060 0.018
1657233060 0.041
1657233061 0.018
1657233061 0.041
1657233061 0.018
1657233062 0.041
1657233062 0.041
1657233062 0.018
1657233063 0.018
1657233063 0.041
1657233063 0.041
1657233064 0.018
1657233064 0.018
1657233065 0.018
1657233065 0.018
1657233065 0.018
1657233065 0.041
1657233066 0.018
1657233066 0.047
1657233067 0.041
1657233067 0.047
1657233067 0.041
1657233068 0.047
1657233068 0.047
1657233068 0.047
1657233069 0.041
1657233069 0.047
1657233070 0.041
1657233070 0.041
1657233071 0.023
1657233071 0.047
1657233071 0.047
1657233072 0.023
1657233072 0.047
1657233072 0.023
1657233073 0.047
1657233073 0.047
1657233073 0.023
1657233074 0.047
1657233074 0.023
1657233074 0.047
1657233075 0.047
1657233075 0.047
1657233075 0.047
1657233076 0.047
1657233076 0.047
1657233076 0.023
1657233077 0.047
1657233077 0.047
1657233077 0.023
1657233078 0.047
1657233078 0.023
1657233078 0.023
1657233079 0.023
1657233079 0.023
1657233079 0.023
1657233080 0.023
1657233080 0.023
1657233080 0.047
1657233081 0.047
1657233081 0.047
1657233082 0.023
1657233082 0.047
1657233083 0.023
1657233083 0.023
1657233083 0.047
1657233084 0.047
1657233084 0.047
1657233084 0.047
1657233085 0.047
1657233085 0.047
1657233085 0.047
1657233086 0.023
1657233086 0.047
1657233086 0.023
1657233087 0.023
1657233087 0.023
1657233088 0.023
1657233088 0.047
1657233088 0.047
1657233089 0.047
1657233089 0.047
1657233089 0.047
1657233090 0.047
1657233090 0.047
1657233090 0.047
1657233091 0.023
1657233091 0.047
1657233091 0.023
1657233092 0.047
1657233092 0.047
1657233092 0.047
1657233093 0.047
1657233094 0.047
1657233094 0.023
1657233095 0.023
1657233096 0.023
1657233096 0.047
1657233097 0.023
1657233097 0.031
1657233097 0.023
1657233098 0.023
1657233098 0.023
1657233098 0.023
1657233098 0.031
1657233099 0.031
1657233099 0.023
1657233099 0.023
1657233100 0.023
1657233100 0.031
1657233100 0.031
1657233101 0.031
1657233101 0.031
1657233101 0.031
1657233102 0.031
1657233102 0.031
1657233102 0.031
1657233103 0.031
1657233103 0.031
1657233103 0.031
1657233104 0.031
1657233104 0.031
1657233104 0.031
1657233105 0.031
1657233105 0.031
1657233105 0.031
1657233106 0.031
1657233106 0.031
1657233106 0.031
1657233107 0.031
1657233108 0.031
1657233108 0.031
1657233108 0.031
1657233109 0.031
1657233109 0.031
1657233109 0.031
1657233110 0.031
1657233110 0.031
1657233110 0.031
1657233111 0.031
1657233111 0.031
1657233111 0.031
1657233112 0.031
1657233112 0.031
1657233112 0.031
1657233113 0.031
1657233113 0.031
1657233113 0.031
1657233114 0.031
1657233114 0.031
1657233115 0.031
1657233115 0.031
1657233115 0.031
1657233116 0.031
1657233116 0.031
1657233116 0.031
1657233117 0.031
1657233117 0.031
1657233117 0.031
1657233118 0.031
1657233118 0.031
1657233119 0.031
1657233119 0.031
1657233120 0.031
1657233120 0.031
1657233121 0.031
1657233121 0.031
1657233121 0.031
1657233122 0.031
1657233122 0.031
1657233122 0.031
1657233123 0.031
1657233123 0.031
1657233123 0.031
1657233124 0.031
1657233124 0.031
1657233124 0.031
1657233125 0.031
1657233125 0.031
1657233125 0.031
1657233126 0.031
1657233126 0.031
1657233126 0.026
1657233127 0.031
1657233127 0.026
1657233127 0.026
1657233128 0.026
1657233128 0.026
1657233128 0.031
1657233129 0.026
1657233129 0.026
1657233129 0.031
1657233130 0.026
1657233131 0.026
1657233131 0.026
1657233131 0.026
1657233132 0.026
1657233132 0.026
1657233132 0.026
1657233133 0.026
1657233133 0.026
1657233133 0.026
1657233134 0.026
1657233134 0.026
1657233134 0.026
1657233135 0.026
1657233135 0.026
1657233135 0.026
1657233136 0.026
1657233136 0.026
1657233136 0.026
1657233137 0.026
1657233137 0.026
1657233138 0.026
1657233138 0.026
1657233138 0.026
1657233138 0.026
1657233139 0.026
1657233139 0.026
1657233139 0.026
1657233140 0.026
1657233140 0.026
1657233141 0.026
1657233141 0.026
1657233141 0.026
1657233142 0.026
1657233142 0.026
1657233143 0.026
1657233143 0.026
1657233144 0.026
1657233144 0.026
1657233144 0.026
1657233145 0.026
1657233145 0.026
1657233145 0.026
1657233146 0.026
1657233146 0.026
1657233146 0.026
1657233147 0.026
1657233147 0.026
1657233148 0.026
1657233148 0.026
1657233148 0.026
1657233149 0.026
1657233149 0.026
1657233149 0.026
1657233150 0.026
1657233150 0.026
1657233150 0.026
1657233151 0.026
1657233151 0.026
1657233152 0.026
1657233152 0.026
1657233152 0.026
1657233153 0.026
1657233153 0.026
1657233153 0.026
1657233154 0.026
1657233154 0.026
1657233155 0.026
1657233156 0.026
1657233156 0.026
1657233157 0.026
1657233157 0.026
1657233158 0.025
1657233158 0.026
1657233158 0.025
1657233159 0.025
1657233159 0.025
1657233159 0.026
1657233160 0.025
1657233160 0.025
1657233160 0.025
1657233161 0.025
1657233161 0.025
1657233161 0.037
1657233162 0.025
1657233162 0.025
1657233162 0.037
1657233163 0.037
1657233163 0.025
1657233163 0.037
1657233164 0.025
1657233164 0.037
1657233164 0.025
1657233165 0.025
1657233165 0.025
1657233165 0.025
1657233166 0.025
1657233166 0.037
1657233166 0.025
1657233167 0.037
1657233167 0.037
1657233167 0.025
1657233168 0.037
1657233168 0.025
1657233169 0.037
1657233169 0.025
1657233170 0.037
1657233170 0.025
1657233170 0.037
1657233171 0.037
1657233171 0.037
1657233171 0.037
1657233172 0.025
1657233172 0.037
1657233172 0.037
1657233173 0.025
1657233173 0.025
1657233174 0.025
1657233174 0.025
1657233174 0.025
1657233175 0.037
1657233175 0.025
1657233175 0.025
1657233176 0.025
1657233176 0.025
1657233176 0.037
1657233177 0.025
1657233177 0.037
1657233177 0.037
1657233178 0.025
1657233178 0.025
1657233179 0.037
1657233179 0.037
1657233179 0.025
1657233180 0.025
1657233180 0.037
1657233181 0.037
1657233181 0.037
1657233182 0.037
1657233182 0.025
1657233182 0.037
1657233183 0.037
1657233183 0.037
1657233183 0.025
1657233184 0.025
1657233184 0.037
1657233184 0.037
1657233185 0.037
1657233185 0.037
1657233185 0.025
1657233186 0.037
1657233186 0.025
1657233186 0.037
1657233187 0.039
1657233187 0.037
1657233187 0.039
1657233188 0.039
1657233188 0.037
1657233188 0.039
1657233189 0.037
1657233189 0.037
1657233189 0.039
1657233190 0.037
1657233190 0.039
1657233190 0.039
1657233191 0.039
1657233191 0.027
1657233191 0.027
1657233192 0.039
1657233192 0.039
1657233193 0.027
1657233194 0.039
1657233194 0.039
1657233194 0.039
1657233195 0.039
1657233195 0.027
1657233195 0.027
1657233196 0.039
1657233196 0.027
1657233196 0.039
1657233197 0.039
1657233197 0.027
1657233197 0.027
1657233198 0.027
1657233198 0.039
1657233199 0.027
1657233199 0.027
1657233199 0.027
1657233199 0.039
1657233200 0.027
1657233200 0.039
1657233200 0.027
1657233201 0.039
1657233201 0.039
1657233201 0.027
1657233202 0.039
1657233202 0.027
1657233202 0.027
1657233203 0.027
1657233203 0.039
1657233204 0.027
1657233204 0.039
1657233205 0.039
1657233205 0.039
1657233206 0.027
1657233206 0.027
1657233206 0.039
1657233207 0.027
1657233207 0.039
1657233207 0.039
1657233208 0.039
1657233208 0.027
1657233209 0.027
1657233209 0.027
1657233209 0.039
1657233210 0.039
1657233210 0.027
1657233210 0.027
1657233211 0.039
1657233211 0.027
1657233211 0.039
1657233212 0.039
1657233212 0.027
1657233212 0.039
1657233213 0.027
1657233213 0.039
1657233213 0.039
1657233214 0.027
1657233214 0.039
1657233214 0.027
1657233215 0.027
1657233215 0.039
1657233215 0.039
1657233216 0.027
1657233217 0.027
1657233217 0.027
1657233218 0.027
1657233219 0.027
1657233219 0.016
1657233220 0.027
1657233220 0.016
1657233220 0.016
1657233221 0.016
1657233221 0.037
1657233221 0.016
1657233222 0.037
1657233222 0.037
1657233222 0.037
1657233223 0.037
1657233223 0.037
1657233223 0.037
1657233224 0.037
1657233224 0.037
1657233224 0.016
1657233225 0.016
1657233225 0.037
1657233226 0.037
1657233226 0.016
1657233226 0.037
1657233226 0.016
1657233227 0.037
1657233227 0.016
1657233227 0.016
1657233228 0.037
1657233228 0.016
1657233228 0.016
1657233229 0.037
1657233229 0.016
1657233229 0.016
1657233230 0.016
1657233231 0.037
1657233231 0.037
1657233232 0.016
1657233232 0.016
1657233232 0.016
1657233233 0.016
1657233233 0.016
1657233233 0.037
1657233234 0.016
1657233234 0.037
1657233234 0.016
1657233235 0.016
1657233235 0.037
1657233235 0.016
1657233236 0.037
1657233236 0.037
1657233236 0.016
1657233237 0.016
1657233237 0.016
1657233237 0.037
1657233238 0.037
1657233238 0.016
1657233238 0.037
1657233239 0.037
1657233239 0.016
1657233240 0.037
1657233240 0.037
1657233240 0.016
1657233241 0.037
1657233241 0.037
1657233241 0.037
1657233242 0.037
1657233243 0.016
1657233243 0.016
1657233244 0.037
1657233244 0.037
1657233244 0.016
1657233245 0.037
1657233245 0.037
1657233245 0.037
1657233246 0.037
1657233246 0.016
1657233246 0.035
1657233247 0.035
1657233247 0.037
1657233247 0.035
1657233248 0.037
1657233248 0.035
1657233248 0.037
1657233249 0.037
1657233249 0.035
1657233249 0.037
1657233250 0.035
1657233250 0.037
1657233250 0.037
1657233251 0.035
1657233251 0.030
1657233251 0.035
1657233252 0.030
1657233252 0.035
1657233252 0.035
1657233253 0.030
1657233253 0.035
1657233254 0.035
1657233254 0.035
1657233255 0.035
1657233255 0.035
1657233256 0.035
1657233256 0.030
1657233256 0.035
1657233257 0.035
1657233257 0.035
1657233257 0.035
1657233258 0.035
1657233258 0.030
1657233258 0.030
1657233259 0.030
1657233259 0.030
1657233259 0.035
1657233259 0.035
1657233260 0.030
1657233260 0.035
1657233261 0.035
1657233261 0.035
1657233261 0.035
1657233262 0.035
1657233262 0.035
1657233262 0.035
1657233262 0.035
1657233263 0.030
1657233263 0.030
1657233263 0.035
1657233264 0.035
1657233264 0.035
1657233264 0.030
1657233265 0.030
1657233265 0.030
1657233266 0.035
1657233266 0.030
1657233267 0.030
1657233267 0.030
1657233267 0.035
1657233268 0.035
1657233268 0.035
1657233268 0.030
1657233269 0.035
1657233269 0.035
1657233270 0.030
1657233270 0.035
1657233270 0.030
1657233271 0.030
1657233271 0.030
1657233271 0.035
1657233272 0.030
1657233272 0.030
1657233272 0.035
1657233272 0.035
1657233273 0.030
1657233273 0.035
1657233274 0.035
1657233274 0.030
1657233274 0.035
1657233274 0.030
1657233275 0.030
1657233275 0.035
1657233276 0.030
1657233276 0.030
1657233276 0.030
1657233276 0.028
1657233277 0.028
1657233277 0.030
1657233278 0.028
1657233279 0.028
1657233279 0.028
1657233280 0.028
1657233280 0.033
1657233281 0.028
1657233281 0.028
1657233281 0.028
1657233282 0.028
1657233282 0.033
1657233282 0.028
1657233282 0.028
1657233283 0.028
1657233283 0.028
1657233283 0.028
1657233284 0.028
1657233284 0.028
1657233284 0.028
1657233285 0.033
1657233285 0.028
1657233286 0.028
1657233286 0.028
1657233286 0.028
1657233287 0.028
1657233287 0.028
1657233287 0.028
1657233288 0.028
1657233288 0.033
1657233288 0.033
1657233289 0.033
1657233289 0.033
1657233289 0.028
1657233290 0.033
1657233290 0.028
1657233290 0.028
1657233291 0.033
1657233291 0.033
1657233292 0.033
1657233293 0.028
1657233293 0.033
1657233293 0.033
1657233294 0.028
1657233294 0.028
1657233294 0.033
1657233295 0.028
1657233295 0.033
1657233295 0.028
1657233296 0.033
1657233296 0.033
1657233296 0.033
1657233296 0.028
1657233297 0.033
1657233297 0.033
1657233298 0.028
1657233298 0.033
1657233298 0.033
1657233299 0.028
1657233299 0.033
1657233299 0.033
1657233300 0.028
1657233300 0.033
1657233301 0.033
1657233301 0.028
1657233301 0.033
1657233302 0.028
1657233302 0.028
1657233302 0.028
1657233303 0.033
1657233303 0.033
1657233304 0.033
1657233304 0.028
1657233305 0.028
1657233305 0.033
1657233305 0.033
1657233306 0.028
1657233306 0.028
1657233306 0.033
1657233307 0.033
1657233307 0.033
1657233307 0.033
1657233308 0.033
1657233308 0.047
1657233308 0.033
1657233309 0.033
1657233309 0.047
1657233309 0.033
1657233310 0.033
1657233310 0.033
1657233310 0.026
1657233311 0.047
1657233311 0.047
1657233312 0.026
1657233312 0.047
1657233312 0.047
1657233313 0.026
1657233313 0.026
1657233313 0.047
1657233314 0.047
1657233314 0.026
1657233314 0.047
1657233315 0.026
1657233316 0.026
1657233316 0.047
1657233316 0.026
1657233316 0.047
1657233317 0.026
1657233317 0.047
1657233317 0.026
1657233318 0.026
1657233318 0.047
1657233318 0.026
1657233319 0.026
1657233319 0.026
1657233319 0.047
1657233320 0.026
1657233320 0.026
1657233320 0.026
1657233321 0.047
1657233321 0.047
1657233321 0.047
1657233322 0.047
1657233322 0.026
1657233322 0.026
1657233323 0.047
1657233323 0.026
1657233323 0.047
1657233324 0.047
1657233324 0.026
1657233324 0.047
1657233325 0.047
1657233326 0.026
1657233327 0.047
1657233327 0.047
1657233327 0.047
1657233328 0.047
1657233328 0.047
1657233328 0.026
1657233329 0.026
1657233329 0.026
1657233329 0.026
1657233330 0.026
1657233330 0.026
1657233331 0.047
1657233331 0.026
1657233331 0.047
1657233332 0.047
1657233332 0.047
1657233332 0.026
1657233333 0.047
1657233333 0.026
1657233333 0.026
1657233334 0.047
1657233334 0.047
1657233334 0.047
1657233334 0.026
1657233335 0.047
1657233335 0.026
1657233335 0.047
1657233336 0.047
1657233336 0.026
1657233336 0.026
1657233337 0.016
1657233337 0.026
1657233337 0.026
1657233338 0.016
1657233338 0.026
1657233339 0.016
1657233339 0.026
1657233340 0.026
1657233341 0.030
1657233341 0.030
1657233341 0.016
1657233342 0.016
1657233342 0.016
1657233342 0.030
1657233343 0.016
1657233343 0.030
1657233343 0.030
1657233344 0.030
1657233344 0.016
1657233345 0.016
1657233345 0.030
1657233345 0.016
1657233346 0.016
1657233346 0.030
1657233346 0.016
1657233347 0.030
1657233347 0.030
1657233347 0.016
1657233347 0.016
1657233348 0.030
1657233348 0.030
1657233348 0.030
1657233349 0.030
1657233349 0.030
1657233349 0.030
1657233350 0.016
1657233350 0.030
1657233350 0.016
1657233351 0.030
1657233351 0.030
1657233351 0.016
1657233352 0.016
1657233352 0.016
1657233353 0.030
1657233353 0.016
1657233354 0.016
1657233354 0.016
1657233354 0.016
1657233355 0.030
1657233355 0.016
1657233355 0.016
1657233356 0.030
1657233356 0.030
1657233356 0.030
1657233356 0.016
1657233357 0.016
1657233357 0.030
1657233358 0.030
1657233358 0.030
1657233358 0.030
1657233359 0.016
1657233359 0.030
1657233359 0.016
1657233360 0.030
1657233360 0.030
1657233361 0.030
1657233361 0.030
1657233361 0.030
1657233362 0.030
1657233362 0.030
1657233362 0.030
1657233362 0.030
1657233363 0.030
1657233363 0.030
1657233364 0.030
1657233364 0.030
1657233365 0.016
1657233365 0.016
1657233366 0.016
1657233366 0.030
1657233366 0.030
1657233367 0.043
1657233367 0.043
1657233367 0.043
1657233368 0.043
1657233368 0.030
1657233368 0.043
1657233369 0.030
1657233369 0.043
1657233369 0.030
1657233370 0.043
1657233370 0.030
1657233370 0.030
1657233371 0.043
1657233371 0.029
1657233371 0.043
1657233371 0.029
1657233372 0.029
1657233372 0.043
1657233372 0.043
1657233373 0.029
1657233373 0.043
1657233373 0.043
1657233374 0.043
1657233374 0.043
1657233374 0.029
1657233375 0.043
1657233375 0.043
1657233375 0.029
1657233376 0.029
1657233376 0.029
1657233377 0.029
1657233377 0.029
1657233377 0.029
1657233378 0.043
1657233378 0.029
1657233378 0.029
1657233379 0.043
1657233379 0.029
1657233379 0.043
1657233380 0.029
1657233380 0.043
1657233380 0.043
1657233381 0.043
1657233381 0.029
1657233381 0.029
1657233382 0.029
1657233382 0.043
1657233382 0.029
1657233383 0.029
1657233383 0.029
1657233383 0.043
1657233384 0.043
1657233384 0.029
1657233384 0.043
1657233385 0.043
1657233385 0.029
1657233385 0.043
1657233386 0.029
1657233386 0.043
1657233387 0.029
1657233387 0.043
1657233388 0.043
1657233388 0.029
1657233388 0.029
1657233389 0.043
1657233389 0.029
1657233390 0.029
1657233390 0.029
1657233390 0.043
1657233391 0.043
1657233391 0.029
1657233392 0.043
1657233392 0.029
1657233393 0.043
1657233393 0.029
1657233394 0.043
1657233394 0.043
1657233394 0.043
1657233395 0.043
1657233395 0.029
1657233395 0.043
1657233396 0.029
1657233396 0.029
1657233396 0.017
1657233397 0.029
1657233397 0.017
1657233398 0.017
1657233398 0.029
1657233399 0.017
1657233399 0.029
1657233400 0.029
1657233401 0.017
1657233401 0.017
1657233401 0.017
1657233402 0.017
1657233402 0.017
1657233402 0.017
1657233403 0.017
1657233403 0.017
1657233403 0.017
1657233404 0.017
1657233404 0.017
1657233404 0.017
1657233405 0.017
1657233405 0.017
1657233405 0.017
1657233406 0.017
1657233406 0.017
1657233406 0.017
1657233407 0.017
1657233407 0.017
1657233407 0.017
1657233408 0.017
1657233408 0.017
1657233408 0.017
1657233409 0.017
1657233409 0.017
1657233410 0.017
1657233410 0.017
1657233410 0.017
1657233410 0.017
1657233411 0.017
1657233411 0.017
1657233411 0.017
1657233412 0.017
1657233412 0.017
1657233413 0.017
1657233413 0.017
1657233414 0.017
1657233414 0.017
1657233415 0.017
1657233415 0.017
1657233415 0.017
1657233415 0.017
1657233416 0.017
1657233416 0.017
1657233416 0.017
1657233417 0.017
1657233417 0.017
1657233417 0.017
1657233418 0.017
1657233418 0.017
1657233418 0.017
1657233419 0.017
1657233419 0.017
1657233419 0.017
1657233420 0.017
1657233420 0.017
1657233421 0.017
1657233421 0.017
1657233421 0.017
1657233421 0.017
1657233422 0.017
1657233422 0.017
1657233423 0.017
1657233423 0.017
1657233423 0.017
1657233424 0.017
1657233424 0.017
1657233425 0.017
1657233425 0.017
1657233426 0.017
1657233426 0.017
1657233426 0.029
1657233427 0.029
1657233427 0.017
1657233427 0.029
1657233428 0.029
1657233428 0.029
1657233428 0.017
1657233429 0.017
1657233429 0.017
1657233429 0.017
1657233430 0.029
1657233430 0.029
1657233430 0.029
1657233431 0.029
1657233431 0.029
1657233431 0.029
1657233432 0.029
1657233432 0.029
1657233432 0.029
1657233433 0.046
1657233433 0.029
1657233433 0.029
1657233434 0.029
1657233434 0.029
1657233434 0.029
1657233435 0.046
1657233435 0.029
1657233435 0.046
1657233436 0.029
1657233436 0.046
1657233437 0.046
1657233437 0.046
1657233437 0.029
1657233438 0.029
1657233438 0.029
1657233438 0.046
1657233439 0.029
1657233439 0.046
1657233439 0.046
1657233440 0.029
1657233440 0.046
1657233440 0.029
1657233441 0.046
1657233441 0.046
1657233441 0.046
1657233442 0.029
1657233442 0.029
1657233442 0.029
1657233443 0.046
1657233443 0.029
1657233443 0.046
1657233444 0.029
1657233444 0.046
1657233444 0.046
1657233445 0.046
1657233445 0.046
1657233445 0.029
1657233446 0.046
1657233446 0.046
1657233446 0.029
1657233446 0.029
1657233447 0.029
1657233448 0.029
1657233448 0.029
1657233448 0.029
1657233449 0.029
1657233449 0.046
1657233450 0.046
1657233450 0.046
1657233450 0.046
1657233450 0.046
1657233451 0.029
1657233451 0.046
1657233451 0.046
1657233452 0.029
1657233452 0.029
1657233452 0.029
1657233453 0.046
1657233453 0.046
1657233453 0.046
1657233454 0.046
1657233454 0.029
1657233454 0.046
1657233455 0.029
1657233455 0.046
1657233455 0.046
1657233456 0.046
1657233456 0.029
1657233456 0.035
1657233457 0.046
1657233457 0.035
1657233457 0.035
1657233458 0.046
1657233458 0.035
1657233458 0.046
1657233459 0.046
1657233459 0.035
1657233460 0.046
1657233461 0.019
1657233461 0.035
1657233462 0.035
1657233462 0.019
1657233463 0.019
1657233463 0.035
1657233463 0.035
1657233464 0.035
1657233464 0.035
1657233464 0.019
1657233465 0.035
1657233465 0.019
1657233465 0.035
1657233466 0.019
1657233466 0.019
1657233466 0.035
1657233467 0.019
1657233467 0.019
1657233467 0.019
1657233468 0.019
1657233468 0.019
1657233468 0.035
1657233469 0.035
1657233469 0.019
1657233469 0.019
1657233470 0.035
1657233470 0.035
1657233470 0.019
1657233471 0.019
1657233471 0.019
1657233471 0.035
1657233472 0.019
1657233472 0.035
1657233472 0.019
1657233473 0.035
1657233473 0.035
1657233474 0.035
1657233474 0.019
1657233475 0.019
1657233475 0.035
1657233475 0.019
1657233476 0.019
1657233476 0.019
1657233476 0.019
1657233477 0.019
1657233477 0.035
1657233477 0.019
1657233478 0.035
1657233478 0.035
1657233478 0.019
1657233479 0.035
1657233479 0.019
1657233479 0.019
1657233480 0.035
1657233480 0.035
1657233480 0.019
1657233481 0.019
1657233481 0.019
1657233481 0.019
1657233482 0.035
1657233482 0.035
1657233482 0.035
1657233483 0.019
1657233483 0.019
1657233483 0.019
1657233484 0.035
1657233484 0.035
1657233484 0.035
1657233485 0.019
1657233486 0.035
1657233486 0.019
1657233486 0.030
1657233487 0.019
1657233487 0.030
1657233487 0.030
1657233488 0.019
1657233488 0.030
1657233488 0.030
1657233489 0.030
1657233489 0.019
1657233489 0.019
1657233490 0.030
1657233490 0.030
1657233490 0.030
1657233491 0.030
1657233491 0.030
1657233491 0.030
1657233492 0.030
1657233492 0.030
1657233492 0.030
1657233493 0.030
1657233493 0.030
1657233493 0.030
1657233494 0.030
1657233494 0.030
1657233494 0.030
1657233495 0.030
1657233495 0.030
1657233495 0.030
1657233496 0.030
1657233497 0.030
1657233497 0.030
1657233497 0.030
1657233498 0.030
1657233498 0.030
1657233498 0.030
1657233499 0.030
1657233499 0.030
1657233499 0.030
1657233500 0.030
1657233500 0.030
1657233500 0.030
1657233501 0.030
1657233501 0.030
1657233501 0.030
1657233502 0.030
1657233502 0.030
1657233502 0.030
1657233503 0.030
1657233503 0.030
1657233503 0.030
1657233504 0.030
1657233504 0.030
1657233504 0.030
1657233505 0.030
1657233505 0.030
1657233505 0.030
1657233506 0.030
1657233506 0.030
1657233506 0.030
1657233507 0.030
1657233507 0.030
1657233508 0.030
1657233508 0.030
1657233509 0.030
1657233509 0.030
1657233509 0.030
1657233510 0.030
1657233510 0.030
1657233510 0.030
1657233511 0.030
1657233511 0.030
1657233511 0.030
1657233512 0.030
1657233512 0.030
1657233512 0.030
1657233512 0.030
1657233513 0.030
1657233513 0.030
1657233513 0.030
1657233514 0.030
1657233514 0.030
1657233514 0.030
1657233515 0.030
1657233515 0.030
1657233516 0.030
1657233516 0.030
1657233516 0.030
1657233517 0.030
1657233517 0.031
1657233517 0.030
1657233518 0.031
1657233518 0.030
1657233519 0.031
1657233520 0.031
1657233520 0.031
1657233521 0.031
1657233521 0.031
1657233522 0.031
1657233522 0.031
1657233522 0.031
1657233523 0.031
1657233523 0.031
1657233523 0.031
1657233524 0.031
1657233524 0.031
1657233524 0.031
1657233524 0.031
1657233525 0.031
1657233525 0.031
1657233526 0.031
1657233526 0.031
1657233526 0.031
1657233527 0.031
1657233527 0.031
1657233527 0.031
1657233527 0.031
1657233528 0.031
1657233528 0.031
1657233528 0.031
1657233529 0.031
1657233529 0.031
1657233529 0.031
1657233530 0.031
1657233530 0.031
1657233530 0.031
1657233531 0.031
1657233531 0.031
1657233532 0.031
1657233532 0.031
1657233533 0.031
1657233533 0.031
1657233534 0.031
1657233534 0.031
1657233534 0.031
1657233535 0.031
1657233535 0.031
1657233535 0.031
1657233536 0.031
1657233536 0.031
1657233536 0.031
1657233537 0.031
1657233537 0.031
1657233537 0.031
1657233538 0.031
1657233538 0.031
1657233538 0.031
1657233539 0.031
1657233539 0.031
1657233540 0.031
1657233540 0.031
1657233540 0.031
1657233541 0.031
1657233541 0.031
1657233541 0.031
1657233541 0.031
1657233542 0.031
1657233542 0.031
1657233543 0.031
1657233543 0.031
1657233543 0.031
1657233544 0.031
1657233544 0.031
1657233545 0.031
1657233545 0.031
1657233546 0.031
1657233546 0.031
1657233546 0.031
1657233547 0.031
1657233547 0.031
1657233547 0.027
1657233548 0.031