1657231777 99.182
1657231777 99.182
1657231779 99.182
1657231780 99.182
1657231780 99.182
1657231781 99.182
1657231781 99.182
1657231781 99.182
1657231782 99.182
1657231782 99.182
1657231782 99.182
1657231783 99.182
1657231783 99.182
1657231783 99.182
1657231784 99.182
1657231784 99.182
1657231784 99.182
1657231785 99.182
1657231785 99.182
1657231785 99.182
1657231786 99.182
1657231786 99.182
1657231786 99.182
1657231786 99.182
1657231787 99.182
1657231787 99.182
1657231787 99.182
1657231788 99.182
1657231788 99.182
1657231788 99.182
1657231789 99.182
1657231789 99.182
1657231790 99.182
1657231790 99.182
1657231791 99.182
1657231791 99.182
1657231792 99.182
1657231792 99.182
1657231792 99.182
1657231793 99.182
1657231793 99.182
1657231793 99.182
1657231794 99.182
1657231794 99.182
1657231794 99.182
1657231795 99.182
1657231795 99.182
1657231795 99.182
1657231796 99.182
1657231796 99.182
1657231796 99.182
1657231797 99.182
1657231797 99.182
1657231797 99.182
1657231798 99.182
1657231798 99.182
1657231798 99.182
1657231799 99.182
1657231799 99.182
1657231799 99.182
1657231800 99.182
1657231800 99.182
1657231801 99.182
1657231801 99.182
1657231801 99.182
1657231802 99.182
1657231802 99.182
1657231802 99.182
1657231803 99.182
1657231803 99.182
1657231804 99.182
1657231804 99.182
1657231804 99.182
1657231805 99.182
1657231805 99.182
1657231805 99.182
1657231806 99.182
1657231806 99.182
1657231806 99.182
1657231807 100.136
1657231807 100.136
1657231807 99.182
1657231808 100.136
1657231808 100.136
1657231808 99.182
1657231809 99.182
1657231809 100.136
1657231809 100.136
1657231810 100.136
1657231810 100.136
1657231810 100.136
1657231811 100.136
1657231811 100.136
1657231811 100.136
1657231812 100.136
1657231812 100.136
1657231812 100.136
1657231813 100.136
1657231813 100.136
1657231813 100.136
1657231814 100.136
1657231814 100.136
1657231815 100.136
1657231816 100.136
1657231816 100.136
1657231817 100.136
1657231817 100.136
1657231818 100.136
1657231818 100.136
1657231818 100.136
1657231819 100.136
1657231819 100.136
1657231819 100.136
1657231820 100.136
1657231820 100.136
1657231820 100.136
1657231821 100.136
1657231821 100.136
1657231821 100.136
1657231822 100.136
1657231822 100.136
1657231822 100.136
1657231823 100.136
1657231823 100.136
1657231823 100.136
1657231824 100.136
1657231824 100.136
1657231824 100.136
1657231825 100.136
1657231825 100.136
1657231825 100.136
1657231826 100.136
1657231826 100.136
1657231826 100.136
1657231827 100.136
1657231827 100.136
1657231827 100.136
1657231828 100.136
1657231828 100.136
1657231829 100.136
1657231829 100.136
1657231830 100.136
1657231830 100.136
1657231830 100.136
1657231831 100.136
1657231831 100.136
1657231831 100.136
1657231832 100.136
1657231832 100.136
1657231832 100.136
1657231833 100.136
1657231833 100.136
1657231833 100.136
1657231834 100.136
1657231834 100.136
1657231834 100.136
1657231835 100.136
1657231835 100.136
1657231835 100.136
1657231836 100.136
1657231836 100.136
1657231836 100.136
1657231837 100.136
1657231837 100.136
1657231837 100.136
1657231838 100.136
1657231838 100.136
1657231838 100.136
1657231839 100.136
1657231839 100.136
1657231839 100.136
1657231840 100.136
1657231841 100.136
1657231841 100.136
1657231842 100.136
1657231842 100.136
1657231842 100.136
1657231843 100.136
1657231843 100.136
1657231843 100.136
1657231843 100.136
1657231844 100.136
1657231844 100.136
1657231844 100.136
1657231845 100.136
1657231845 100.136
1657231845 100.136
1657231846 100.136
1657231846 100.136
1657231846 100.136
1657231847 100.136
1657231847 100.136
1657231847 100.136
1657231848 100.136
1657231848 100.136
1657231848 100.136
1657231848 100.136
1657231849 100.136
1657231849 100.136
1657231849 100.136
1657231850 100.136
1657231850 100.136
1657231850 100.136
1657231851 100.136
1657231851 100.136
1657231851 100.136
1657231852 100.136
1657231852 100.136
1657231853 100.136
1657231853 100.136
1657231854 100.136
1657231854 100.136
1657231855 100.136
1657231855 100.136
1657231855 100.136
1657231855 100.136
1657231856 100.136
1657231856 100.136
1657231857 100.136
1657231857 100.136
1657231857 100.136
1657231857 100.136
1657231858 100.136
1657231858 100.136
1657231858 100.136
1657231859 100.136
1657231859 100.136
1657231860 100.136
1657231860 100.136
1657231860 100.136
1657231861 100.136
1657231861 100.136
1657231861 100.136
1657231862 100.136
1657231862 100.136
1657231862 100.136
1657231863 100.136
1657231863 100.136
1657231863 100.136
1657231864 100.136
1657231865 100.136
1657231865 100.136
1657231865 100.136
1657231866 100.136
1657231866 100.136
1657231866 100.136
1657231867 100.136
1657231867 101.089
1657231867 101.089
1657231868 101.089
1657231868 101.089
1657231868 101.089
1657231869 101.089
1657231869 101.089
1657231869 101.089
1657231870 101.089
1657231870 100.136
1657231870 101.089
1657231871 101.089
1657231871 101.089
1657231871 101.089
1657231872 101.089
1657231872 101.089
1657231872 101.089
1657231873 101.089
1657231873 101.089
1657231873 101.089
1657231874 101.089
1657231874 101.089
1657231874 101.089
1657231875 101.089
1657231875 101.089
1657231875 101.089
1657231876 101.089
1657231877 101.089
1657231877 101.089
1657231878 101.089
1657231879 101.089
1657231879 101.089
1657231880 101.089
1657231880 101.089
1657231880 101.089
1657231881 101.089
1657231881 101.089
1657231881 101.089
1657231882 101.089
1657231882 101.089
1657231882 101.089
1657231883 101.089
1657231883 101.089
1657231883 101.089
1657231883 101.089
1657231884 101.089
1657231884 101.089
1657231884 101.089
1657231885 101.089
1657231885 101.089
1657231885 101.089
1657231886 101.089
1657231886 101.089
1657231886 101.089
1657231887 101.089
1657231887 101.089
1657231888 101.089
1657231888 101.089
1657231888 101.089
1657231889 101.089
1657231889 101.089
1657231889 101.089
1657231890 101.089
1657231890 101.089
1657231891 101.089
1657231891 101.089
1657231891 101.089
1657231892 101.089
1657231892 101.089
1657231892 101.089
1657231893 101.089
1657231893 101.089
1657231893 101.089
1657231894 101.089
1657231894 101.089
1657231894 101.089
1657231895 101.089
1657231895 101.089
1657231895 101.089
1657231896 101.089
1657231896 101.089
1657231896 101.089
1657231897 101.089
1657231897 101.089
1657231897 101.089
1657231898 101.089
1657231898 101.089
1657231898 101.089
1657231899 101.089
1657231899 101.089
1657231899 101.089
1657231899 101.089
1657231900 101.089
1657231900 101.089
1657231900 101.089
1657231901 101.089
1657231902 101.089
1657231902 101.089
1657231902 101.089
1657231903 101.089
1657231903 101.089
1657231903 101.089
1657231904 101.089
1657231904 101.089
1657231904 101.089
1657231905 101.089
1657231905 101.089
1657231905 101.089
1657231906 101.089
1657231906 101.089
1657231906 101.089
1657231907 101.089
1657231907 101.089
1657231907 101.089
1657231907 101.089
1657231908 101.089
1657231908 101.089
1657231908 101.089
1657231909 101.089
1657231909 101.089
1657231909 101.089
1657231910 101.089
1657231910 101.089
1657231910 101.089
1657231911 101.089
1657231911 101.089
1657231911 101.089
1657231912 101.089
1657231912 101.089
1657231913 101.089
1657231913 101.089
1657231914 101.089
1657231914 101.089
1657231914 101.089
1657231915 101.089
1657231915 101.089
1657231915 101.089
1657231916 101.089
1657231916 101.089
1657231916 101.089
1657231916 101.089
1657231917 101.089
1657231917 101.089
1657231917 101.089
1657231918 101.089
1657231918 101.089
1657231918 101.089
1657231919 101.089
1657231919 101.089
1657231920 101.089
1657231920 101.089
1657231920 101.089
1657231921 101.089
1657231921 101.089
1657231921 101.089
1657231922 101.089
1657231922 101.089
1657231922 101.089
1657231923 101.089
1657231923 101.089
1657231923 101.089
1657231924 101.089
1657231924 101.089
1657231925 101.089
1657231925 101.089
1657231926 101.089
1657231926 101.089
1657231926 101.089
1657231927 101.089
1657231927 101.089
1657231927 101.089
1657231928 101.089
1657231928 101.089
1657231928 101.089
1657231929 101.089
1657231929 101.089
1657231929 101.089
1657231930 101.089
1657231930 101.089
1657231930 101.089
1657231931 102.997
1657231931 101.089
1657231931 101.089
1657231932 101.089
1657231932 101.089
1657231932 101.089
1657231933 102.997
1657231933 101.089
1657231933 102.997
1657231934 102.997
1657231934 102.997
1657231934 102.997
1657231935 102.997
1657231935 101.089
1657231935 101.089
1657231936 102.997
1657231936 102.997
1657231937 101.089
1657231938 101.089
1657231938 101.089
1657231939 102.997
1657231939 101.089
1657231940 102.997
1657231940 102.997
1657231940 102.997
1657231941 101.089
1657231941 101.089
1657231941 101.089
1657231942 102.997
1657231942 102.997
1657231942 101.089
1657231943 102.997
1657231943 101.089
1657231943 101.089
1657231944 102.997
1657231944 102.997
1657231944 102.997
1657231945 102.997
1657231945 101.089
1657231945 101.089
1657231945 102.997
1657231946 101.089
1657231946 101.089
1657231946 101.089
1657231947 102.997
1657231947 101.089
1657231947 102.997
1657231948 101.089
1657231948 101.089
1657231948 101.089
1657231949 101.089
1657231949 102.997
1657231949 101.089
1657231950 101.089
1657231951 102.997
1657231951 102.997
1657231952 101.089
1657231952 101.089
1657231952 102.997
1657231953 101.089
1657231953 101.089
1657231953 101.089
1657231954 102.997
1657231954 102.997
1657231954 101.089
1657231955 102.997
1657231955 101.089
1657231955 102.997
1657231956 101.089
1657231956 101.089
1657231956 102.997
1657231957 102.997
1657231957 102.997
1657231957 102.997
1657231958 102.997
1657231958 102.997
1657231958 102.997
1657231959 102.997
1657231959 102.997
1657231959 102.997
1657231960 102.997
1657231960 102.997
1657231960 102.997
1657231961 102.997
1657231961 102.997
1657231961 102.997
1657231962 102.997
1657231962 102.997
1657231963 102.997
1657231964 102.997
1657231964 102.997
1657231964 102.997
1657231965 102.997
1657231965 102.997
1657231965 102.997
1657231966 102.997
1657231966 102.997
1657231966 102.997
1657231967 102.997
1657231967 102.997
1657231967 102.997
1657231968 102.997
1657231968 102.997
1657231968 102.997
1657231968 102.997
1657231969 102.997
1657231969 102.997
1657231969 102.997
1657231970 102.997
1657231970 102.997
1657231970 102.997
1657231971 102.997
1657231971 102.997
1657231971 102.997
1657231972 102.997
1657231972 102.997
1657231972 102.997
1657231973 102.997
1657231973 102.997
1657231973 102.997
1657231974 102.997
1657231974 102.997
1657231975 102.997
1657231976 102.997
1657231976 102.997
1657231976 102.997
1657231977 102.997
1657231977 102.997
1657231977 102.997
1657231978 102.997
1657231978 102.997
1657231978 102.997
1657231979 102.997
1657231979 102.997
1657231979 102.997
1657231980 102.997
1657231980 102.997
1657231980 102.997
1657231981 102.997
1657231981 102.997
1657231981 102.997
1657231982 102.997
1657231982 102.997
1657231982 102.997
1657231983 102.997
1657231983 102.997
1657231983 102.997
1657231984 102.997
1657231984 102.997
1657231984 102.997
1657231985 102.997
1657231985 102.997
1657231985 102.997
1657231986 102.997
1657231986 102.997
1657231987 102.997
1657231987 102.997
1657231987 102.997
1657231987 102.997
1657231988 102.997
1657231988 102.997
1657231988 102.997
1657231989 102.997
1657231989 102.997
1657231989 102.997
1657231990 102.997
1657231990 102.997
1657231990 102.997
1657231991 102.997
1657231991 102.997
1657231991 102.997
1657231992 102.997
1657231992 102.997
1657231992 102.997
1657231993 102.997
1657231993 102.997
1657231993 102.997
1657231994 102.997
1657231994 102.997
1657231994 102.997
1657231995 102.997
1657231995 102.997
1657231995 102.997
1657231996 102.997
1657231996 102.997
1657231996 102.997
1657231997 102.997
1657231997 102.997
1657231998 102.997
1657231998 102.997
1657231999 102.997
1657232000 102.997
1657232000 102.997
1657232001 102.997
1657232001 102.997
1657232001 102.997
1657232002 102.997
1657232002 102.997
1657232002 102.997
1657232003 102.997
1657232003 102.997
1657232003 102.997
1657232004 102.997
1657232004 102.997
1657232004 102.997
1657232005 102.997
1657232005 102.997
1657232005 102.997
1657232006 102.997
1657232006 102.997
1657232006 102.997
1657232007 102.997
1657232007 102.997
1657232007 102.997
1657232008 102.997
1657232008 102.997
1657232008 102.997
1657232009 102.997
1657232009 102.997
1657232009 102.997
1657232010 102.997
1657232010 102.997
1657232011 102.997
1657232011 102.997
1657232012 102.997
1657232012 102.997
1657232013 102.997
1657232013 102.997
1657232013 102.997
1657232014 102.997
1657232014 102.997
1657232014 102.997
1657232015 102.997
1657232015 102.997
1657232015 102.997
1657232016 102.997
1657232016 102.997
1657232016 102.997
1657232017 103.951
1657232017 102.997
1657232017 102.997
1657232018 103.951
1657232018 102.997
1657232018 102.997
1657232019 103.951
1657232019 102.997
1657232019 102.997
1657232020 102.997
1657232020 102.997
1657232020 102.997
1657232021 103.951
1657232021 103.951
1657232021 103.951
1657232022 103.951
1657232022 103.951
1657232022 103.951
1657232023 103.951
1657232023 103.951
1657232024 103.951
1657232024 103.951
1657232025 103.951
1657232025 103.951
1657232025 103.951
1657232026 103.951
1657232026 103.951
1657232026 103.951
1657232027 103.951
1657232027 103.951
1657232027 103.951
1657232028 103.951
1657232028 103.951
1657232028 103.951
1657232028 103.951
1657232029 103.951
1657232029 103.951
1657232029 103.951
1657232030 103.951
1657232030 103.951
1657232030 103.951
1657232031 103.951
1657232031 103.951
1657232031 103.951
1657232032 103.951
1657232032 103.951
1657232032 103.951
1657232033 103.951
1657232033 103.951
1657232033 103.951
1657232034 103.951
1657232034 103.951
1657232034 103.951
1657232035 103.951
1657232036 103.951
1657232036 103.951
1657232036 103.951
1657232036 103.951
1657232037 103.951
1657232037 103.951
1657232038 103.951
1657232038 103.951
1657232038 103.951
1657232039 103.951
1657232039 103.951
1657232039 103.951
1657232040 103.951
1657232040 103.951
1657232040 103.951
1657232041 103.951
1657232041 103.951
1657232041 103.951
1657232042 103.951
1657232042 103.951
1657232042 103.951
1657232043 103.951
1657232043 103.951
1657232043 103.951
1657232044 103.951
1657232044 103.951
1657232044 103.951
1657232045 103.951
1657232045 103.951
1657232045 103.951
1657232046 103.951
1657232046 103.951
1657232047 102.997
1657232047 103.951
1657232048 102.997
1657232048 102.997
1657232048 103.951
1657232049 103.951
1657232049 102.997
1657232049 102.997
1657232050 102.997
1657232050 103.951
1657232050 103.951
1657232051 102.997
1657232051 102.997
1657232051 102.997
1657232052 102.997
1657232052 102.997
1657232052 102.997
1657232053 102.997
1657232053 102.997
1657232053 102.997
1657232054 102.997
1657232054 102.997
1657232054 102.997
1657232055 102.997
1657232055 102.997
1657232055 102.997
1657232056 102.997
1657232056 102.997
1657232056 102.997
1657232057 102.997
1657232057 102.997
1657232057 102.997
1657232058 102.997
1657232058 102.997
1657232059 102.997
1657232059 102.997
1657232060 102.997
1657232061 102.997
1657232061 102.997
1657232062 102.997
1657232062 102.997
1657232062 102.997
1657232063 102.997
1657232063 102.997
1657232063 102.997
1657232064 102.997
1657232064 102.997
1657232064 102.997
1657232065 102.997
1657232065 102.997
1657232065 102.997
1657232065 102.997
1657232066 102.997
1657232066 102.997
1657232067 102.997
1657232067 102.997
1657232067 102.997
1657232068 102.997
1657232068 102.997
1657232068 102.997
1657232069 102.997
1657232069 102.997
1657232069 102.997
1657232070 102.997
1657232070 102.997
1657232071 102.997
1657232071 102.997
1657232071 102.997
1657232072 102.997
1657232072 102.997
1657232073 102.997
1657232073 102.997
1657232074 102.997
1657232074 102.997
1657232074 102.997
1657232075 102.997
1657232075 102.997
1657232075 102.997
1657232076 102.997
1657232076 102.997
1657232076 103.951
1657232077 102.997
1657232077 102.997
1657232077 103.951
1657232078 103.951
1657232078 103.951
1657232078 102.997
1657232079 103.951
1657232079 103.951
1657232079 103.951
1657232080 102.997
1657232080 103.951
1657232080 103.951
1657232081 103.951
1657232081 103.951
1657232081 103.951
1657232082 103.951
1657232082 103.951
1657232082 103.951
1657232082 103.951
1657232083 103.951
1657232083 103.951
1657232084 103.951
1657232084 103.951
1657232085 103.951
1657232085 103.951
1657232086 103.951
1657232086 103.951
1657232086 103.951
1657232087 103.951
1657232087 103.951
1657232087 103.951
1657232088 103.951
1657232088 103.951
1657232088 103.951
1657232089 103.951
1657232089 103.951
1657232089 103.951
1657232090 103.951
1657232090 103.951
1657232090 103.951
1657232091 103.951
1657232091 103.951
1657232091 103.951
1657232092 103.951
1657232092 103.951
1657232092 103.951
1657232093 103.951
1657232093 103.951
1657232093 103.951
1657232094 103.951
1657232094 103.951
1657232094 103.951
1657232095 103.951
1657232095 103.951
1657232095 103.951
1657232096 103.951
1657232096 103.951
1657232097 103.951
1657232097 103.951
1657232097 103.951
1657232098 103.951
1657232098 103.951
1657232098 103.951
1657232099 103.951
1657232099 103.951
1657232100 103.951
1657232100 103.951
1657232100 103.951
1657232101 103.951
1657232101 103.951
1657232101 103.951
1657232102 103.951
1657232102 103.951
1657232102 103.951
1657232103 103.951
1657232103 103.951
1657232103 103.951
1657232104 103.951
1657232104 103.951
1657232104 103.951
1657232105 103.951
1657232105 103.951
1657232105 103.951
1657232106 103.951
1657232106 103.951
1657232106 103.951
1657232107 103.951
1657232107 103.951
1657232108 103.951
1657232108 103.951
1657232108 103.951
1657232109 103.951
1657232109 103.951
1657232109 103.951
1657232110 103.951
1657232110 103.951
1657232110 103.951
1657232111 103.951
1657232111 103.951
1657232111 103.951
1657232112 103.951
1657232112 103.951
1657232112 103.951
1657232112 103.951
1657232113 103.951
1657232113 103.951
1657232113 103.951
1657232114 103.951
1657232114 103.951
1657232114 103.951
1657232115 103.951
1657232115 103.951
1657232115 103.951
1657232116 103.951
1657232116 103.951
1657232116 103.951
1657232117 103.951
1657232117 103.951
1657232117 103.951
1657232118 103.951
1657232119 103.951
1657232119 103.951
1657232120 103.951
1657232121 103.951
1657232121 103.951
1657232122 103.951
1657232122 103.951
1657232122 103.951
1657232123 103.951
1657232123 103.951
1657232123 103.951
1657232124 103.951
1657232124 103.951
1657232124 103.951
1657232125 103.951
1657232125 103.951
1657232125 103.951
1657232126 103.951
1657232126 103.951
1657232126 103.951
1657232126 103.951
1657232127 103.951
1657232127 103.951
1657232127 103.951
1657232128 103.951
1657232128 103.951
1657232128 103.951
1657232129 103.951
1657232129 103.951
1657232129 103.951
1657232130 103.951
1657232130 103.951
1657232130 103.951
1657232131 103.951
1657232131 103.951
1657232131 103.951
1657232132 103.951
1657232132 103.951
1657232133 103.951
1657232133 103.951
1657232134 103.951
1657232134 103.951
1657232134 103.951
1657232135 103.951
1657232135 103.951
1657232135 103.951
1657232136 103.951
1657232136 103.951
1657232136 103.951
1657232137 103.951
1657232137 103.951
1657232137 103.951
1657232138 103.951
1657232138 103.951
1657232139 103.951
1657232139 103.951
1657232139 103.951
1657232139 103.951
1657232140 103.951
1657232140 103.951
1657232141 103.951
1657232141 103.951
1657232141 103.951
1657232141 103.951
1657232142 103.951
1657232142 103.951
1657232142 103.951
1657232143 103.951
1657232143 103.951
1657232143 103.951
1657232144 103.951
1657232144 103.951
1657232145 103.951
1657232145 103.951
1657232146 103.951
1657232146 103.951
1657232146 103.951
1657232147 103.951
1657232147 103.951
1657232147 103.951
1657232148 103.951
1657232148 103.951
1657232148 103.951
1657232148 103.951
1657232149 103.951
1657232149 103.951
1657232150 103.951
1657232150 103.951
1657232150 103.951
1657232150 103.951
1657232151 103.951
1657232151 103.951
1657232151 103.951
1657232152 103.951
1657232152 103.951
1657232152 103.951
1657232153 103.951
1657232153 103.951
1657232153 103.951
1657232154 103.951
1657232154 103.951
1657232154 103.951
1657232155 103.951
1657232155 103.951
1657232155 103.951
1657232156 103.951
1657232157 103.951
1657232157 103.951
1657232158 103.951
1657232158 103.951
1657232158 103.951
1657232158 103.951
1657232159 103.951
1657232159 103.951
1657232160 103.951
1657232160 103.951
1657232160 103.951
1657232161 103.951
1657232161 103.951
1657232161 103.951
1657232162 103.951
1657232162 103.951
1657232162 103.951
1657232163 103.951
1657232163 103.951
1657232163 103.951
1657232164 103.951
1657232164 103.951
1657232164 103.951
1657232165 103.951
1657232165 103.951
1657232165 103.951
1657232166 103.951
1657232166 103.951
1657232166 103.951
1657232167 103.951
1657232167 103.951
1657232167 103.951
1657232168 103.951
1657232168 103.951
1657232169 103.951
1657232169 103.951
1657232170 103.951
1657232170 103.951
1657232170 103.951
1657232171 103.951
1657232171 103.951
1657232171 103.951
1657232172 103.951
1657232172 103.951
1657232172 103.951
1657232173 103.951
1657232173 103.951
1657232173 103.951
1657232174 103.951
1657232174 103.951
1657232174 103.951
1657232174 103.951
1657232175 103.951
1657232175 103.951
1657232175 103.951
1657232176 103.951
1657232176 103.951
1657232176 103.951
1657232177 103.951
1657232177 103.951
1657232177 103.951
1657232178 103.951
1657232178 103.951
1657232178 103.951
1657232179 103.951
1657232179 103.951
1657232179 103.951
1657232180 103.951
1657232180 103.951
1657232181 103.951
1657232182 103.951
1657232182 103.951
1657232183 103.951
1657232183 103.951
1657232184 103.951
1657232184 103.951
1657232184 103.951
1657232185 103.951
1657232185 103.951
1657232185 103.951
1657232186 103.951
1657232186 103.951
1657232186 103.951
1657232187 103.951
1657232187 103.951
1657232187 103.951
1657232188 103.951
1657232188 103.951
1657232188 103.951
1657232188 103.951
1657232189 103.951
1657232189 103.951
1657232189 103.951
1657232190 103.951
1657232190 103.951
1657232191 103.951
1657232191 103.951
1657232191 103.951
1657232192 103.951
1657232192 103.951
1657232192 103.951
1657232193 103.951
1657232193 103.951
1657232193 103.951
1657232194 103.951
1657232194 103.951
1657232195 103.951
1657232195 103.951
1657232196 103.951
1657232196 103.951
1657232196 103.951
1657232197 103.951
1657232197 103.951
1657232197 103.951
1657232198 103.951
1657232198 103.951
1657232198 103.951
1657232199 103.951
1657232199 103.951
1657232200 103.951
1657232200 103.951
1657232200 103.951
1657232201 103.951
1657232201 103.951
1657232202 103.951
1657232202 103.951
1657232202 103.951
1657232203 103.951
1657232203 103.951
1657232203 103.951
1657232203 103.951
1657232204 103.951
1657232204 103.951
1657232204 103.951
1657232205 103.951
1657232205 103.951
1657232205 103.951
1657232206 103.951
1657232207 103.951
1657232207 103.951
1657232207 103.951
1657232208 103.951
1657232208 103.951
1657232208 103.951
1657232208 103.951
1657232209 103.951
1657232209 103.951
1657232209 103.951
1657232210 103.951
1657232210 103.951
1657232210 103.951
1657232211 103.951
1657232211 103.951
1657232211 103.951
1657232212 103.951
1657232212 103.951
1657232212 103.951
1657232213 103.951
1657232213 103.951
1657232213 103.951
1657232214 103.951
1657232214 103.951
1657232214 103.951
1657232215 103.951
1657232215 103.951
1657232215 103.951
1657232216 103.951
1657232216 103.951
1657232216 103.951
1657232216 103.951
1657232217 103.951
1657232218 103.951
1657232219 103.951
1657232219 103.951
1657232220 103.951
1657232220 103.951
1657232220 103.951
1657232221 103.951
1657232221 103.951
1657232221 103.951
1657232222 103.951
1657232222 103.951
1657232223 103.951
1657232223 103.951
1657232223 103.951
1657232223 103.951
1657232224 103.951
1657232224 103.951
1657232224 103.951
1657232225 103.951
1657232225 103.951
1657232225 103.951
1657232226 103.951
1657232226 103.951
1657232226 103.951
1657232227 103.951
1657232227 103.951
1657232227 104.904
1657232228 103.951
1657232228 103.951
1657232228 104.904
1657232229 103.951
1657232229 104.904
1657232230 104.904
1657232230 103.951
1657232230 104.904
1657232231 104.904
1657232231 104.904
1657232231 104.904
1657232232 104.904
1657232232 104.904
1657232232 104.904
1657232233 104.904
1657232233 104.904
1657232233 104.904
1657232234 104.904
1657232234 104.904
1657232234 104.904
1657232235 104.904
1657232235 104.904
1657232235 104.904
1657232236 104.904
1657232236 104.904
1657232236 104.904
1657232237 104.904
1657232237 104.904
1657232237 104.904
1657232238 104.904
1657232238 104.904
1657232238 104.904
1657232239 104.904
1657232239 104.904
1657232239 104.904
1657232240 104.904
1657232240 104.904
1657232240 104.904
1657232241 104.904
1657232241 104.904
1657232242 104.904
1657232243 104.904
1657232243 104.904
1657232244 104.904
1657232244 104.904
1657232245 104.904
1657232245 104.904
1657232245 104.904
1657232246 104.904
1657232246 104.904
1657232246 104.904
1657232247 104.904
1657232247 104.904
1657232247 104.904
1657232248 104.904
1657232248 104.904
1657232248 104.904
1657232249 104.904
1657232249 104.904
1657232250 104.904
1657232250 104.904
1657232250 104.904
1657232251 104.904
1657232251 104.904
1657232251 104.904
1657232252 104.904
1657232252 104.904
1657232252 104.904
1657232253 104.904
1657232253 104.904
1657232253 104.904
1657232254 104.904
1657232254 104.904
1657232254 104.904
1657232255 104.904
1657232255 104.904
1657232256 104.904
1657232257 104.904
1657232257 104.904
1657232257 104.904
1657232258 104.904
1657232258 104.904
1657232258 104.904
1657232259 104.904
1657232259 104.904
1657232259 104.904
1657232260 104.904
1657232260 104.904
1657232260 104.904
1657232260 104.904
1657232261 104.904
1657232261 104.904
1657232261 104.904
1657232262 104.904
1657232262 104.904
1657232262 104.904
1657232263 104.904
1657232263 104.904
1657232263 104.904
1657232264 104.904
1657232264 104.904
1657232264 104.904
1657232265 104.904
1657232265 104.904
1657232265 104.904
1657232266 104.904
1657232266 104.904
1657232266 104.904
1657232267 104.904
1657232268 104.904
1657232268 104.904
1657232269 104.904
1657232269 104.904
1657232269 104.904
1657232270 104.904
1657232270 104.904
1657232270 104.904
1657232271 104.904
1657232271 104.904
1657232271 104.904
1657232272 104.904
1657232272 104.904
1657232272 104.904
1657232273 104.904
1657232273 104.904
1657232273 104.904
1657232274 104.904
1657232274 104.904
1657232274 104.904
1657232275 104.904
1657232275 104.904
1657232275 104.904
1657232276 104.904
1657232276 104.904
1657232276 104.904
1657232277 104.904
1657232277 104.904
1657232277 104.904
1657232278 104.904
1657232278 104.904
1657232278 104.904
1657232279 104.904
1657232280 104.904
1657232280 104.904
1657232280 104.904
1657232281 104.904
1657232281 104.904
1657232281 104.904
1657232282 104.904
1657232282 104.904
1657232282 104.904
1657232283 104.904
1657232283 104.904
1657232283 104.904
1657232283 104.904
1657232284 104.904
1657232284 104.904
1657232285 104.904
1657232285 104.904
1657232285 104.904
1657232286 104.904
1657232286 104.904
1657232286 104.904
1657232287 104.904
1657232287 104.904
1657232287 104.904
1657232288 104.904
1657232288 104.904
1657232288 104.904
1657232289 104.904
1657232289 104.904
1657232289 104.904
1657232290 104.904
1657232290 104.904
1657232291 104.904
1657232291 104.904
1657232292 104.904
1657232292 104.904
1657232292 104.904
1657232293 104.904
1657232293 104.904
1657232293 104.904
1657232294 104.904
1657232294 104.904
1657232294 104.904
1657232295 104.904
1657232295 104.904
1657232295 104.904
1657232296 104.904
1657232296 104.904
1657232296 104.904
1657232296 104.904
1657232297 104.904
1657232297 104.904
1657232298 104.904
1657232298 104.904
1657232298 104.904
1657232298 104.904
1657232299 104.904
1657232299 104.904
1657232299 104.904
1657232300 104.904
1657232300 104.904
1657232300 104.904
1657232301 104.904
1657232301 104.904
1657232301 104.904
1657232302 104.904
1657232303 104.904
1657232303 104.904
1657232304 104.904
1657232304 104.904
1657232305 104.904
1657232305 104.904
1657232306 104.904
1657232306 104.904
1657232306 104.904
1657232307 104.904
1657232307 104.904
1657232308 104.904
1657232308 104.904
1657232308 104.904
1657232309 104.904
1657232309 104.904
1657232309 104.904
1657232310 104.904
1657232310 104.904
1657232311 104.904
1657232311 104.904
1657232311 104.904
1657232312 104.904
1657232312 104.904
1657232312 104.904
1657232312 104.904
1657232313 104.904
1657232313 104.904
1657232313 104.904
1657232314 104.904
1657232314 104.904
1657232314 104.904
1657232315 104.904
1657232315 104.904
1657232315 104.904
1657232316 104.904
1657232316 104.904
1657232317 104.904
1657232317 104.904
1657232317 104.904
1657232318 104.904
1657232318 104.904
1657232318 104.904
1657232319 104.904
1657232319 104.904
1657232319 104.904
1657232320 104.904
1657232320 104.904
1657232320 104.904
1657232321 104.904
1657232321 104.904
1657232321 104.904
1657232322 104.904
1657232322 104.904
1657232322 104.904
1657232323 104.904
1657232323 104.904
1657232323 104.904
1657232324 104.904
1657232324 104.904
1657232324 104.904
1657232324 104.904
1657232325 104.904
1657232325 104.904
1657232325 104.904
1657232326 104.904
1657232326 104.904
1657232326 104.904
1657232327 104.904
1657232327 104.904
1657232328 104.904
1657232328 104.904
1657232329 104.904
1657232329 104.904
1657232329 104.904
1657232330 104.904
1657232330 104.904
1657232330 104.904
1657232330 104.904
1657232331 104.904
1657232331 104.904
1657232331 104.904
1657232332 104.904
1657232332 104.904
1657232332 104.904
1657232333 104.904
1657232333 104.904
1657232333 104.904
1657232334 104.904
1657232334 104.904
1657232334 104.904
1657232335 104.904
1657232335 104.904
1657232335 104.904
1657232336 104.904
1657232336 104.904
1657232336 104.904
1657232337 104.904
1657232337 104.904
1657232337 104.904
1657232338 104.904
1657232338 104.904
1657232339 104.904
1657232340 104.904
1657232340 104.904
1657232340 104.904
1657232341 104.904
1657232341 104.904
1657232341 104.904
1657232342 104.904
1657232342 104.904
1657232342 104.904
1657232343 104.904
1657232343 104.904
1657232343 104.904
1657232344 104.904
1657232344 104.904
1657232344 104.904
1657232345 104.904
1657232345 104.904
1657232345 104.904
1657232345 104.904
1657232346 104.904
1657232346 105.858
1657232346 104.904
1657232347 104.904
1657232347 104.904
1657232347 104.904
1657232348 105.858
1657232348 104.904
1657232348 105.858
1657232349 105.858
1657232349 104.904
1657232349 104.904
1657232350 104.904
1657232350 105.858
1657232351 105.858
1657232351 105.858
1657232351 105.858
1657232352 105.858
1657232352 105.858
1657232352 105.858
1657232353 105.858
1657232353 105.858
1657232353 105.858
1657232354 105.858
1657232354 105.858
1657232354 105.858
1657232355 105.858
1657232355 105.858
1657232355 105.858
1657232356 105.858
1657232356 105.858
1657232356 105.858
1657232357 105.858
1657232357 105.858
1657232357 105.858
1657232358 105.858
1657232358 105.858
1657232358 105.858
1657232359 105.858
1657232359 105.858
1657232359 105.858
1657232360 105.858
1657232360 105.858
1657232360 105.858
1657232361 105.858
1657232361 105.858
1657232362 105.858
1657232363 105.858
1657232363 105.858
1657232364 105.858
1657232364 105.858
1657232365 105.858
1657232365 105.858
1657232365 105.858
1657232366 105.858
1657232366 105.858
1657232366 105.858
1657232367 105.858
1657232367 105.858
1657232367 105.858
1657232368 105.858
1657232368 105.858
1657232368 105.858
1657232369 105.858
1657232369 105.858
1657232370 105.858
1657232370 105.858
1657232370 105.858
1657232371 105.858
1657232371 105.858
1657232371 105.858
1657232371 105.858
1657232372 105.858
1657232372 105.858
1657232373 105.858
1657232373 105.858
1657232373 105.858
1657232374 105.858
1657232374 105.858
1657232374 105.858
1657232375 105.858
1657232375 105.858
1657232376 105.858
1657232376 105.858
1657232377 105.858
1657232377 105.858
1657232377 105.858
1657232377 105.858
1657232378 105.858
1657232378 105.858
1657232378 105.858
1657232379 105.858
1657232379 105.858
1657232379 105.858
1657232380 105.858
1657232380 105.858
1657232380 105.858
1657232381 105.858
1657232381 105.858
1657232381 105.858
1657232382 105.858
1657232382 105.858
1657232382 105.858
1657232383 105.858
1657232383 105.858
1657232383 105.858
1657232384 105.858
1657232384 105.858
1657232384 105.858
1657232385 105.858
1657232385 105.858
1657232385 105.858
1657232386 105.858
1657232386 105.858
1657232386 105.858
1657232387 105.858
1657232388 105.858
1657232388 105.858
1657232389 105.858
1657232389 105.858
1657232389 105.858
1657232390 105.858
1657232390 105.858
1657232390 105.858
1657232391 105.858
1657232391 105.858
1657232391 105.858
1657232392 105.858
1657232392 105.858
1657232392 105.858
1657232393 105.858
1657232393 105.858
1657232393 105.858
1657232394 105.858
1657232394 105.858
1657232394 105.858
1657232394 105.858
1657232395 105.858
1657232395 105.858
1657232395 105.858
1657232396 105.858
1657232396 105.858
1657232396 105.858
1657232397 105.858
1657232397 105.858
1657232397 105.858
1657232398 105.858
1657232398 105.858
1657232398 105.858
1657232399 105.858
1657232400 105.858
1657232400 105.858
1657232401 105.858
1657232401 105.858
1657232401 105.858
1657232402 105.858
1657232402 105.858
1657232403 105.858
1657232403 105.858
1657232403 105.858
1657232404 105.858
1657232404 105.858
1657232404 105.858
1657232405 105.858
1657232405 105.858
1657232405 105.858
1657232405 105.858
1657232406 105.858
1657232406 105.858
1657232406 105.858
1657232407 105.858
1657232407 105.858
1657232407 105.858
1657232408 105.858
1657232408 105.858
1657232408 105.858
1657232409 105.858
1657232409 105.858
1657232409 105.858
1657232410 105.858
1657232410 105.858
1657232411 105.858
1657232411 105.858
1657232412 105.858
1657232412 105.858
1657232413 105.858
1657232413 105.858
1657232413 105.858
1657232414 105.858
1657232414 105.858
1657232414 105.858
1657232415 105.858
1657232415 105.858
1657232415 105.858
1657232416 105.858
1657232416 105.858
1657232416 105.858
1657232417 105.858
1657232417 105.858
1657232417 105.858
1657232418 105.858
1657232418 105.858
1657232418 105.858
1657232419 105.858
1657232419 105.858
1657232419 105.858
1657232420 105.858
1657232420 105.858
1657232420 105.858
1657232421 105.858
1657232421 105.858
1657232421 105.858
1657232422 105.858
1657232422 105.858
1657232422 105.858
1657232422 105.858
1657232423 105.858
1657232423 105.858
1657232424 105.858
1657232425 105.858
1657232425 105.858
1657232426 105.858
1657232426 105.858
1657232427 105.858
1657232427 105.858
1657232427 105.858
1657232428 105.858
1657232428 105.858
1657232428 105.858
1657232429 105.858
1657232429 105.858
1657232429 105.858
1657232430 105.858
1657232430 105.858
1657232431 105.858
1657232431 105.858
1657232431 105.858
1657232432 105.858
1657232432 105.858
1657232432 105.858
1657232433 105.858
1657232433 105.858
1657232433 105.858
1657232434 105.858
1657232434 105.858
1657232434 105.858
1657232434 105.858
1657232435 105.858
1657232435 105.858
1657232435 105.858
1657232436 105.858
1657232436 105.858
1657232437 105.858
1657232437 105.858
1657232438 105.858
1657232438 105.858
1657232439 105.858
1657232439 105.858
1657232439 105.858
1657232440 105.858
1657232440 105.858
1657232440 105.858
1657232441 105.858
1657232441 105.858
1657232441 105.858
1657232442 105.858
1657232442 105.858
1657232442 105.858
1657232443 105.858
1657232443 105.858
1657232443 105.858
1657232444 105.858
1657232444 105.858
1657232444 105.858
1657232445 105.858
1657232445 105.858
1657232445 105.858
1657232446 105.858
1657232446 105.858
1657232446 105.858
1657232446 105.858
1657232447 105.858
1657232447 105.858
1657232447 105.858
1657232448 105.858
1657232448 105.858
1657232448 105.858
1657232449 105.858
1657232450 105.858
1657232450 105.858
1657232450 105.858
1657232451 105.858
1657232451 105.858
1657232451 105.858
1657232452 105.858
1657232452 105.858
1657232452 105.858
1657232453 105.858
1657232453 105.858
1657232453 105.858
1657232454 105.858
1657232454 105.858
1657232454 105.858
1657232454 105.858
1657232455 105.858
1657232455 105.858
1657232455 105.858
1657232456 105.858
1657232456 105.858
1657232456 105.858
1657232457 105.858
1657232457 105.858
1657232457 105.858
1657232458 105.858
1657232458 105.858
1657232458 105.858
1657232459 105.858
1657232459 105.858
1657232460 105.858
1657232460 105.858
1657232461 105.858
1657232461 105.858
1657232462 105.858
1657232462 105.858
1657232462 105.858
1657232463 105.858
1657232463 105.858
1657232463 105.858
1657232464 105.858
1657232464 105.858
1657232464 105.858
1657232465 105.858
1657232465 105.858
1657232465 105.858
1657232466 105.858
1657232466 105.858
1657232467 105.858
1657232467 105.858
1657232467 105.858
1657232468 105.858
1657232468 105.858
1657232468 105.858
1657232469 105.858
1657232469 105.858
1657232469 105.858
1657232470 105.858
1657232470 105.858
1657232470 105.858
1657232471 105.858
1657232471 105.858
1657232471 105.858
1657232472 105.858
1657232472 105.858
1657232473 105.858
1657232473 105.858
1657232474 105.858
1657232474 105.858
1657232474 105.858
1657232475 105.858
1657232475 105.858
1657232475 105.858
1657232476 105.858
1657232476 105.858
1657232476 105.858
1657232477 105.858
1657232477 105.858
1657232477 105.858
1657232477 105.858
1657232478 105.858
1657232478 105.858
1657232478 105.858
1657232479 105.858
1657232479 105.858
1657232480 105.858
1657232480 105.858
1657232480 105.858
1657232481 105.858
1657232481 105.858
1657232481 105.858
1657232482 105.858
1657232482 105.858
1657232482 105.858
1657232483 105.858
1657232483 105.858
1657232483 105.858
1657232484 105.858
1657232484 105.858
1657232485 105.858
1657232485 105.858
1657232486 105.858
1657232487 105.858
1657232487 105.858
1657232488 105.858
1657232488 105.858
1657232488 105.858
1657232489 105.858
1657232489 105.858
1657232490 105.858
1657232490 105.858
1657232490 105.858
1657232491 105.858
1657232491 105.858
1657232491 105.858
1657232492 105.858
1657232492 105.858
1657232492 105.858
1657232493 105.858
1657232493 105.858
1657232493 105.858
1657232493 105.858
1657232494 105.858
1657232494 105.858
1657232494 105.858
1657232495 105.858
1657232495 105.858
1657232495 105.858
1657232496 105.858
1657232496 106.812
1657232496 105.858
1657232497 106.812
1657232497 105.858
1657232498 105.858
1657232498 106.812
1657232499 106.812
1657232499 105.858
1657232499 105.858
1657232500 106.812
1657232500 106.812
1657232500 105.858
1657232501 106.812
1657232501 106.812
1657232501 106.812
1657232502 106.812
1657232502 106.812
1657232502 106.812
1657232503 106.812
1657232503 106.812
1657232503 106.812
1657232504 106.812
1657232504 106.812
1657232504 106.812
1657232505 106.812
1657232505 106.812
1657232505 106.812
1657232505 106.812
1657232506 106.812
1657232506 106.812
1657232506 106.812
1657232507 106.812
1657232507 106.812
1657232507 106.812
1657232508 106.812
1657232508 106.812
1657232508 106.812
1657232509 106.812
1657232510 106.812
1657232510 106.812
1657232511 106.812
1657232511 106.812
1657232511 106.812
1657232512 106.812
1657232512 106.812
1657232512 106.812
1657232513 106.812
1657232513 106.812
1657232513 106.812
1657232514 106.812
1657232514 106.812
1657232514 106.812
1657232515 106.812
1657232515 106.812
1657232515 106.812
1657232516 106.812
1657232516 106.812
1657232516 106.812
1657232517 106.812
1657232517 106.812
1657232517 106.812
1657232518 106.812
1657232518 106.812
1657232518 106.812
1657232519 106.812
1657232519 106.812
1657232520 106.812
1657232520 106.812
1657232520 106.812
1657232521 106.812
1657232522 106.812
1657232522 106.812
1657232522 106.812
1657232523 106.812
1657232523 106.812
1657232523 106.812
1657232524 106.812
1657232524 106.812
1657232524 106.812
1657232525 106.812
1657232525 106.812
1657232525 106.812
1657232526 106.812
1657232526 106.812
1657232526 106.812
1657232527 106.812
1657232527 106.812
1657232527 106.812
1657232528 106.812
1657232528 106.812
1657232528 106.812
1657232529 106.812
1657232529 106.812
1657232529 106.812
1657232530 106.812
1657232530 106.812
1657232530 106.812
1657232531 106.812
1657232531 106.812
1657232532 106.812
1657232532 106.812
1657232533 106.812
1657232533 106.812
1657232533 106.812
1657232534 106.812
1657232534 106.812
1657232534 106.812
1657232535 106.812
1657232535 106.812
1657232535 106.812
1657232536 106.812
1657232536 106.812
1657232536 106.812
1657232537 106.812
1657232537 106.812
1657232537 106.812
1657232538 106.812
1657232538 106.812
1657232538 106.812
1657232539 106.812
1657232539 106.812
1657232539 106.812
1657232540 106.812
1657232540 106.812
1657232540 106.812
1657232540 106.812
1657232541 106.812
1657232541 106.812
1657232541 106.812
1657232542 106.812
1657232542 106.812
1657232542 106.812
1657232543 106.812
1657232543 106.812
1657232544 106.812
1657232545 106.812
1657232545 106.812
1657232546 106.812
1657232546 106.812
1657232547 106.812
1657232547 106.812
1657232547 106.812
1657232548 106.812
1657232548 106.812
1657232548 106.812
1657232549 106.812
1657232549 106.812
1657232549 106.812
1657232550 106.812
1657232550 106.812
1657232551 106.812
1657232551 106.812
1657232551 106.812
1657232552 106.812
1657232552 106.812
1657232552 106.812
1657232553 106.812
1657232553 106.812
1657232553 106.812
1657232554 106.812
1657232554 106.812
1657232554 106.812
1657232555 106.812
1657232555 106.812
1657232555 106.812
1657232555 106.812
1657232556 106.812
1657232556 106.812
1657232557 106.812
1657232557 106.812
1657232558 106.812
1657232558 106.812
1657232559 106.812
1657232559 106.812
1657232559 106.812
1657232560 106.812
1657232560 106.812
1657232560 106.812
1657232561 106.812
1657232561 106.812
1657232561 106.812
1657232562 106.812
1657232562 106.812
1657232562 106.812
1657232563 106.812
1657232563 106.812
1657232563 106.812
1657232564 106.812
1657232564 106.812
1657232564 106.812
1657232564 106.812
1657232565 106.812
1657232565 106.812
1657232565 106.812
1657232566 106.812
1657232566 106.812
1657232566 106.812
1657232567 106.812
1657232567 106.812
1657232567 106.812
1657232568 106.812
1657232568 106.812
1657232568 106.812
1657232569 106.812
1657232569 106.812
1657232570 106.812
1657232571 106.812
1657232571 106.812
1657232571 106.812
1657232572 106.812
1657232572 106.812
1657232572 106.812
1657232573 106.812
1657232573 106.812
1657232573 106.812
1657232574 106.812
1657232574 106.812
1657232574 106.812
1657232575 106.812
1657232575 106.812
1657232575 106.812
1657232576 106.812
1657232576 106.812
1657232576 106.812
1657232577 106.812
1657232577 106.812
1657232577 106.812
1657232578 106.812
1657232578 106.812
1657232578 106.812
1657232579 106.812
1657232579 106.812
1657232580 106.812
1657232580 106.812
1657232581 106.812
1657232581 106.812
1657232582 106.812
1657232582 106.812
1657232583 106.812
1657232583 106.812
1657232583 106.812
1657232584 106.812
1657232584 106.812
1657232584 106.812
1657232585 106.812
1657232585 106.812
1657232585 106.812
1657232586 106.812
1657232586 106.812
1657232586 106.812
1657232587 106.812
1657232587 106.812
1657232587 106.812
1657232588 106.812
1657232588 106.812
1657232588 106.812
1657232588 106.812
1657232589 106.812
1657232589 106.812
1657232590 106.812
1657232590 106.812
1657232590 106.812
1657232591 107.765
1657232591 107.765
1657232591 106.812
1657232592 106.812
1657232592 107.765
1657232592 106.812
1657232593 107.765
1657232593 106.812
1657232594 106.812
1657232594 107.765
1657232595 106.812
1657232595 106.812
1657232595 106.812
1657232595 106.812
1657232596 107.765
1657232596 106.812
1657232596 107.765
1657232597 107.765
1657232597 106.812
1657232597 106.812
1657232598 106.812
1657232598 107.765
1657232598 106.812
1657232599 107.765
1657232599 106.812
1657232599 106.812
1657232600 106.812
1657232600 106.812
1657232600 106.812
1657232601 106.812
1657232601 107.765
1657232601 107.765
1657232602 107.765
1657232602 106.812
1657232602 106.812
1657232603 106.812
1657232603 106.812
1657232603 106.812
1657232604 106.812
1657232604 107.765
1657232604 107.765
1657232605 106.812
1657232605 106.812
1657232606 107.765
1657232606 107.765
1657232607 106.812
1657232608 106.812
1657232608 107.765
1657232608 106.812
1657232609 107.765
1657232609 106.812
1657232609 106.812
1657232610 107.765
1657232610 106.812
1657232611 107.765
1657232611 106.812
1657232611 106.812
1657232612 106.812
1657232612 107.765
1657232612 107.765
1657232613 107.765
1657232613 107.765
1657232613 106.812
1657232614 106.812
1657232614 107.765
1657232614 107.765
1657232615 106.812
1657232615 106.812
1657232615 106.812
1657232616 107.765
1657232616 107.765
1657232616 107.765
1657232617 107.765
1657232617 107.765
1657232617 107.765
1657232618 107.765
1657232618 107.765
1657232618 107.765
1657232619 107.765
1657232619 107.765
1657232620 107.765
1657232621 106.812
1657232621 107.765
1657232621 106.812
1657232622 106.812
1657232622 107.765
1657232622 106.812
1657232623 107.765
1657232623 107.765
1657232623 107.765
1657232624 106.812
1657232624 107.765
1657232624 106.812
1657232625 106.812
1657232625 106.812
1657232625 106.812
1657232626 106.812
1657232626 107.765
1657232626 106.812
1657232627 106.812
1657232627 107.765
1657232627 107.765
1657232628 107.765
1657232628 107.765
1657232628 107.765
1657232629 107.765
1657232629 106.812
1657232629 106.812
1657232630 106.812
1657232630 107.765
1657232630 107.765
1657232631 107.765
1657232632 106.812
1657232632 107.765
1657232632 107.765
1657232633 106.812
1657232633 106.812
1657232633 106.812
1657232634 106.812
1657232634 106.812
1657232634 107.765
1657232635 106.812
1657232635 106.812
1657232635 107.765
1657232636 106.812
1657232636 106.812
1657232636 107.765
1657232637 106.812
1657232637 106.812
1657232637 106.812
1657232638 107.765
1657232638 106.812
1657232638 107.765
1657232639 107.765
1657232639 107.765
1657232640 106.812
1657232640 107.765
1657232640 106.812
1657232641 107.765
1657232641 106.812
1657232641 107.765
1657232642 107.765
1657232642 106.812
1657232642 107.765
1657232643 106.812
1657232644 107.765
1657232644 107.765
1657232645 107.765
1657232645 107.765
1657232645 107.765
1657232646 107.765
1657232646 107.765
1657232646 106.812
1657232647 106.812
1657232647 106.812
1657232647 106.812
1657232647 107.765
1657232648 107.765
1657232648 107.765
1657232648 106.812
1657232649 106.812
1657232649 107.765
1657232649 106.812
1657232650 107.765
1657232650 106.812
1657232650 107.765
1657232651 107.765
1657232651 107.765
1657232651 107.765
1657232652 107.765
1657232652 107.765
1657232652 107.765
1657232653 107.765
1657232653 107.765
1657232653 107.765
1657232654 107.765
1657232654 107.765
1657232654 107.765
1657232655 107.765
1657232655 107.765
1657232656 107.765
1657232656 107.765
1657232656 107.765
1657232657 107.765
1657232657 107.765
1657232657 107.765
1657232658 107.765
1657232658 107.765
1657232658 107.765
1657232659 107.765
1657232659 107.765
1657232659 107.765
1657232660 107.765
1657232660 107.765
1657232660 107.765
1657232661 107.765
1657232661 107.765
1657232661 107.765
1657232662 107.765
1657232662 107.765
1657232662 107.765
1657232663 107.765
1657232663 107.765
1657232663 107.765
1657232664 107.765
1657232664 107.765
1657232664 107.765
1657232664 107.765
1657232665 107.765
1657232665 107.765
1657232665 107.765
1657232666 107.765
1657232666 107.765
1657232666 107.765
1657232667 107.765
1657232668 107.765
1657232668 107.765
1657232669 107.765
1657232669 107.765
1657232670 107.765
1657232670 107.765
1657232671 107.765
1657232671 107.765
1657232671 107.765
1657232672 107.765
1657232672 107.765
1657232672 107.765
1657232673 107.765
1657232673 107.765
1657232673 107.765
1657232674 107.765
1657232674 107.765
1657232674 107.765
1657232675 107.765
1657232675 107.765
1657232675 107.765
1657232676 107.765
1657232676 107.765
1657232676 107.765
1657232677 107.765
1657232677 107.765
1657232677 107.765
1657232678 107.765
1657232678 107.765
1657232678 107.765
1657232679 107.765
1657232679 107.765
1657232679 107.765
1657232680 107.765
1657232680 107.765
1657232681 107.765
1657232681 107.765
1657232682 107.765
1657232682 107.765
1657232683 107.765
1657232683 107.765
1657232683 107.765
1657232684 107.765
1657232684 107.765
1657232684 107.765
1657232685 107.765
1657232685 107.765
1657232685 107.765
1657232686 107.765
1657232686 107.765
1657232686 107.765
1657232687 107.765
1657232687 107.765
1657232687 107.765
1657232688 107.765
1657232688 107.765
1657232688 107.765
1657232689 107.765
1657232689 107.765
1657232689 107.765
1657232690 107.765
1657232690 107.765
1657232690 107.765
1657232691 107.765
1657232691 107.765
1657232691 107.765
1657232691 107.765
1657232692 107.765
1657232692 107.765
1657232693 107.765
1657232693 107.765
1657232694 107.765
1657232694 107.765
1657232694 107.765
1657232695 107.765
1657232695 107.765
1657232695 107.765
1657232696 107.765
1657232696 107.765
1657232696 107.765
1657232697 107.765
1657232697 107.765
1657232698 107.765
1657232698 107.765
1657232698 107.765
1657232699 107.765
1657232699 107.765
1657232699 107.765
1657232700 107.765
1657232700 107.765
1657232701 107.765
1657232701 107.765
1657232701 107.765
1657232702 107.765
1657232702 107.765
1657232702 107.765
1657232703 107.765
1657232703 107.765
1657232703 107.765
1657232704 107.765
1657232704 107.765
1657232704 107.765
1657232705 107.765
1657232705 107.765
1657232706 107.765
1657232706 107.765
1657232707 107.765
1657232707 107.765
1657232707 107.765
1657232708 107.765
1657232708 107.765
1657232708 107.765
1657232709 107.765
1657232709 107.765
1657232709 107.765
1657232710 107.765
1657232710 107.765
1657232710 107.765
1657232711 107.765
1657232711 107.765
1657232711 107.765
1657232712 107.765
1657232712 107.765
1657232712 107.765
1657232712 107.765
1657232713 107.765
1657232713 107.765
1657232713 107.765
1657232714 107.765
1657232714 107.765
1657232714 107.765
1657232715 107.765
1657232715 107.765
1657232715 107.765
1657232716 107.765
1657232716 107.765
1657232716 107.765
1657232717 107.765
1657232718 107.765
1657232718 107.765
1657232718 107.765
1657232719 107.765
1657232719 107.765
1657232719 107.765
1657232720 107.765
1657232720 107.765
1657232720 107.765
1657232721 107.765
1657232721 107.765
1657232721 107.765
1657232722 107.765
1657232722 107.765
1657232722 107.765
1657232722 107.765
1657232723 107.765
1657232723 107.765
1657232723 107.765
1657232724 107.765
1657232724 107.765
1657232724 107.765
1657232725 107.765
1657232725 107.765
1657232725 107.765
1657232726 107.765
1657232726 107.765
1657232726 107.765
1657232727 107.765
1657232727 107.765
1657232727 107.765
1657232727 107.765
1657232728 107.765
1657232729 107.765
1657232729 107.765
1657232730 107.765
1657232731 107.765
1657232731 107.765
1657232732 107.765
1657232732 107.765
1657232732 107.765
1657232733 107.765
1657232733 107.765
1657232733 107.765
1657232734 107.765
1657232734 107.765
1657232734 107.765
1657232735 107.765
1657232735 107.765
1657232735 107.765
1657232736 107.765
1657232736 107.765
1657232736 107.765
1657232737 107.765
1657232737 107.765
1657232737 107.765
1657232738 107.765
1657232738 107.765
1657232738 107.765
1657232739 107.765
1657232739 107.765
1657232739 107.765
1657232740 107.765
1657232740 107.765
1657232740 107.765
1657232741 107.765
1657232741 107.765
1657232741 107.765
1657232742 107.765
1657232742 107.765
1657232743 107.765
1657232744 107.765
1657232744 107.765
1657232744 107.765
1657232745 107.765
1657232745 107.765
1657232745 107.765
1657232746 107.765
1657232746 107.765
1657232746 107.765
1657232747 107.765
1657232747 107.765
1657232747 107.765
1657232748 107.765
1657232748 107.765
1657232748 107.765
1657232749 107.765
1657232749 107.765
1657232749 107.765
1657232750 107.765
1657232750 107.765
1657232750 107.765
1657232751 107.765
1657232751 107.765
1657232751 107.765
1657232752 107.765
1657232752 107.765
1657232752 107.765
1657232753 107.765
1657232753 107.765
1657232753 107.765
1657232754 107.765
1657232754 107.765
1657232755 107.765
1657232755 107.765
1657232756 107.765
1657232756 107.765
1657232756 107.765
1657232757 107.765
1657232757 107.765
1657232757 107.765
1657232758 107.765
1657232758 107.765
1657232758 107.765
1657232759 107.765
1657232759 107.765
1657232759 107.765
1657232760 107.765
1657232760 107.765
1657232760 107.765
1657232761 107.765
1657232761 107.765
1657232761 107.765
1657232762 107.765
1657232762 107.765
1657232762 107.765
1657232763 107.765
1657232763 107.765
1657232763 107.765
1657232764 107.765
1657232764 107.765
1657232764 107.765
1657232765 107.765
1657232765 107.765
1657232765 107.765
1657232766 107.765
1657232766 107.765
1657232767 107.765
1657232767 107.765
1657232767 107.765
1657232768 107.765
1657232768 107.765
1657232768 107.765
1657232769 107.765
1657232769 107.765
1657232769 107.765
1657232770 107.765
1657232770 107.765
1657232770 107.765
1657232771 108.719
1657232771 108.719
1657232771 107.765
1657232772 108.719
1657232772 107.765
1657232772 107.765
1657232773 108.719
1657232773 108.719
1657232773 107.765
1657232774 108.719
1657232774 107.765
1657232774 107.765
1657232775 107.765
1657232775 108.719
1657232775 107.765
1657232776 107.765
1657232776 108.719
1657232776 108.719
1657232777 107.765
1657232777 107.765
1657232777 107.765
1657232778 108.719
1657232779 107.765
1657232779 107.765
1657232779 107.765
1657232780 108.719
1657232780 107.765
1657232780 107.765
1657232781 107.765
1657232781 107.765
1657232781 108.719
1657232782 108.719
1657232782 107.765
1657232782 108.719
1657232783 108.719
1657232783 107.765
1657232783 108.719
1657232784 108.719
1657232784 108.719
1657232784 108.719
1657232785 107.765
1657232785 107.765
1657232786 107.765
1657232786 108.719
1657232786 108.719
1657232787 107.765
1657232787 107.765
1657232787 107.765
1657232788 107.765
1657232788 107.765
1657232788 108.719
1657232789 108.719
1657232789 108.719
1657232790 108.719
1657232791 107.765
1657232791 108.719
1657232792 107.765
1657232792 108.719
1657232793 108.719
1657232793 108.719
1657232793 107.765
1657232794 108.719
1657232794 107.765
1657232794 107.765
1657232795 108.719
1657232795 108.719
1657232795 108.719
1657232796 108.719
1657232796 108.719
1657232797 108.719
1657232797 108.719
1657232797 108.719
1657232798 108.719
1657232798 108.719
1657232798 108.719
1657232799 108.719
1657232799 108.719
1657232799 108.719
1657232800 108.719
1657232800 108.719
1657232800 108.719
1657232800 108.719
1657232801 108.719
1657232801 108.719
1657232801 108.719
1657232802 108.719
1657232802 108.719
1657232802 108.719
1657232803 108.719
1657232804 108.719
1657232804 108.719
1657232804 108.719
1657232805 108.719
1657232805 108.719
1657232806 108.719
1657232806 108.719
1657232806 108.719
1657232807 108.719
1657232807 108.719
1657232807 108.719
1657232807 108.719
1657232808 108.719
1657232808 108.719
1657232808 108.719
1657232809 108.719
1657232809 108.719
1657232809 108.719
1657232810 108.719
1657232810 108.719
1657232810 108.719
1657232811 108.719
1657232811 108.719
1657232811 108.719
1657232812 108.719
1657232812 108.719
1657232812 108.719
1657232813 108.719
1657232813 108.719
1657232813 108.719
1657232814 108.719
1657232814 108.719
1657232814 108.719
1657232814 108.719
1657232815 108.719
1657232816 108.719
1657232816 108.719
1657232816 108.719
1657232817 108.719
1657232817 108.719
1657232817 108.719
1657232818 108.719
1657232818 108.719
1657232818 108.719
1657232819 108.719
1657232819 108.719
1657232819 108.719
1657232820 108.719
1657232820 108.719
1657232821 108.719
1657232821 108.719
1657232821 108.719
1657232822 108.719
1657232822 108.719
1657232822 108.719
1657232823 108.719
1657232823 108.719
1657232823 108.719
1657232824 108.719
1657232824 108.719
1657232824 108.719
1657232826 108.719
1657232827 108.719
1657232827 108.719
1657232828 108.719
1657232828 108.719
1657232828 108.719
1657232829 108.719
1657232829 108.719
1657232829 108.719
1657232830 108.719
1657232830 108.719
1657232830 108.719
1657232831 108.719
1657232831 108.719
1657232831 108.719
1657232832 108.719
1657232832 108.719
1657232832 108.719
1657232833 108.719
1657232833 108.719
1657232833 108.719
1657232834 108.719
1657232834 108.719
1657232834 108.719
1657232835 108.719
1657232835 108.719
1657232835 108.719
1657232836 108.719
1657232836 108.719
1657232836 108.719
1657232837 108.719
1657232837 108.719
1657232838 108.719
1657232838 108.719
1657232839 108.719
1657232839 108.719
1657232839 108.719
1657232840 108.719
1657232840 108.719
1657232840 108.719
1657232841 108.719
1657232841 108.719
1657232841 108.719
1657232842 108.719
1657232842 108.719
1657232842 108.719
1657232843 108.719
1657232843 108.719
1657232843 108.719
1657232844 108.719
1657232844 108.719
1657232844 108.719
1657232845 108.719
1657232845 108.719
1657232845 108.719
1657232846 108.719
1657232846 108.719
1657232846 108.719
1657232847 108.719
1657232847 108.719
1657232847 108.719
1657232848 108.719
1657232848 108.719
1657232848 108.719
1657232849 108.719
1657232849 108.719
1657232850 108.719
1657232851 108.719
1657232851 108.719
1657232852 108.719
1657232852 108.719
1657232853 108.719
1657232853 108.719
1657232853 108.719
1657232854 108.719
1657232854 108.719
1657232854 108.719
1657232855 108.719
1657232855 108.719
1657232855 108.719
1657232856 108.719
1657232856 108.719
1657232856 108.719
1657232857 108.719
1657232857 108.719
1657232857 108.719
1657232857 108.719
1657232858 108.719
1657232858 108.719
1657232858 108.719
1657232859 108.719
1657232859 108.719
1657232859 108.719
1657232860 108.719
1657232860 108.719
1657232861 108.719
1657232861 108.719
1657232861 108.719
1657232862 108.719
1657232862 108.719
1657232862 108.719
1657232863 108.719
1657232863 108.719
1657232864 108.719
1657232864 108.719
1657232865 108.719
1657232865 108.719
1657232865 108.719
1657232866 108.719
1657232866 108.719
1657232866 108.719
1657232867 108.719
1657232867 108.719
1657232867 108.719
1657232868 108.719
1657232868 108.719
1657232868 108.719
1657232869 108.719
1657232869 108.719
1657232869 108.719
1657232870 108.719
1657232870 108.719
1657232870 108.719
1657232870 108.719
1657232871 108.719
1657232871 108.719
1657232871 108.719
1657232872 108.719
1657232872 108.719
1657232872 108.719
1657232873 108.719
1657232873 108.719
1657232873 108.719
1657232874 108.719
1657232874 108.719
1657232874 108.719
1657232875 108.719
1657232875 108.719
1657232876 108.719
1657232876 108.719
1657232877 108.719
1657232877 108.719
1657232877 108.719
1657232878 108.719
1657232878 108.719
1657232879 108.719
1657232879 108.719
1657232879 108.719
1657232880 108.719
1657232880 108.719
1657232880 108.719
1657232881 108.719
1657232881 108.719
1657232881 108.719
1657232882 108.719
1657232882 108.719
1657232882 108.719
1657232883 108.719
1657232883 108.719
1657232883 108.719
1657232884 108.719
1657232884 108.719
1657232884 108.719
1657232885 108.719
1657232885 108.719
1657232886 108.719
1657232886 108.719
1657232887 108.719
1657232887 108.719
1657232888 108.719
1657232888 108.719
1657232888 108.719
1657232888 108.719
1657232889 108.719
1657232889 108.719
1657232890 108.719
1657232890 108.719
1657232890 108.719
1657232891 108.719
1657232891 108.719
1657232891 108.719
1657232892 108.719
1657232892 108.719
1657232892 108.719
1657232893 108.719
1657232893 108.719
1657232893 108.719
1657232894 108.719
1657232894 108.719
1657232894 108.719
1657232895 108.719
1657232895 108.719
1657232895 108.719
1657232896 108.719
1657232896 108.719
1657232896 108.719
1657232897 108.719
1657232897 108.719
1657232897 108.719
1657232898 108.719
1657232899 108.719
1657232899 108.719
1657232899 108.719
1657232899 108.719
1657232900 108.719
1657232900 108.719
1657232900 108.719
1657232901 108.719
1657232901 108.719
1657232902 108.719
1657232902 108.719
1657232902 108.719
1657232903 108.719
1657232903 108.719
1657232903 108.719
1657232904 108.719
1657232904 108.719
1657232904 108.719
1657232905 108.719
1657232905 108.719
1657232905 108.719
1657232906 108.719
1657232906 108.719
1657232906 108.719
1657232907 108.719
1657232907 108.719
1657232907 108.719
1657232908 108.719
1657232908 108.719
1657232909 108.719
1657232909 108.719
1657232910 108.719
1657232911 108.719
1657232911 108.719
1657232912 108.719
1657232912 108.719
1657232913 108.719
1657232913 108.719
1657232913 108.719
1657232914 108.719
1657232914 108.719
1657232914 108.719
1657232915 108.719
1657232915 108.719
1657232915 108.719
1657232916 108.719
1657232916 108.719
1657232916 108.719
1657232917 108.719
1657232917 108.719
1657232917 108.719
1657232918 108.719
1657232918 108.719
1657232918 108.719
1657232919 108.719
1657232919 108.719
1657232919 108.719
1657232920 108.719
1657232920 108.719
1657232920 108.719
1657232921 108.719
1657232921 108.719
1657232921 108.719
1657232922 108.719
1657232922 108.719
1657232923 108.719
1657232923 108.719
1657232924 108.719
1657232924 108.719
1657232924 108.719
1657232925 108.719
1657232925 108.719
1657232925 108.719
1657232925 108.719
1657232926 108.719
1657232926 108.719
1657232926 108.719
1657232927 108.719
1657232927 108.719
1657232927 108.719
1657232928 108.719
1657232928 108.719
1657232929 108.719
1657232929 108.719
1657232929 108.719
1657232930 108.719
1657232930 108.719
1657232930 108.719
1657232931 108.719
1657232931 108.719
1657232931 108.719
1657232931 108.719
1657232932 108.719
1657232932 108.719
1657232932 108.719
1657232933 108.719
1657232933 108.719
1657232934 108.719
1657232934 108.719
1657232935 108.719
1657232935 108.719
1657232936 108.719
1657232936 108.719
1657232936 108.719
1657232937 108.719
1657232937 108.719
1657232937 108.719
1657232938 108.719
1657232938 108.719
1657232938 108.719
1657232939 108.719
1657232939 108.719
1657232939 108.719
1657232940 108.719
1657232940 108.719
1657232940 108.719
1657232941 108.719
1657232941 108.719
1657232941 108.719
1657232942 108.719
1657232942 108.719
1657232942 108.719
1657232943 108.719
1657232943 108.719
1657232943 108.719
1657232944 108.719
1657232944 108.719
1657232944 108.719
1657232945 108.719
1657232945 108.719
1657232945 108.719
1657232946 108.719
1657232947 109.673
1657232947 108.719
1657232947 108.719
1657232948 109.673
1657232948 108.719
1657232948 108.719
1657232949 109.673
1657232949 109.673
1657232950 109.673
1657232950 108.719
1657232950 108.719
1657232951 109.673
1657232951 109.673
1657232951 109.673
1657232952 109.673
1657232952 109.673
1657232952 109.673
1657232953 109.673
1657232953 109.673
1657232953 109.673
1657232953 109.673
1657232954 109.673
1657232954 109.673
1657232954 109.673
1657232955 109.673
1657232955 109.673
1657232955 109.673
1657232956 109.673
1657232956 109.673
1657232956 109.673
1657232957 109.673
1657232957 109.673
1657232957 109.673
1657232958 109.673
1657232959 109.673
1657232959 109.673
1657232960 109.673
1657232960 109.673
1657232961 109.673
1657232961 109.673
1657232961 109.673
1657232962 109.673
1657232962 109.673
1657232962 109.673
1657232963 109.673
1657232963 109.673
1657232963 109.673
1657232964 109.673
1657232964 109.673
1657232964 109.673
1657232965 109.673
1657232965 109.673
1657232965 109.673
1657232966 109.673
1657232966 109.673
1657232966 109.673
1657232967 109.673
1657232967 109.673
1657232967 109.673
1657232968 109.673
1657232968 109.673
1657232968 109.673
1657232969 109.673
1657232969 109.673
1657232969 109.673
1657232970 109.673
1657232970 109.673
1657232970 109.673
1657232971 109.673
1657232972 109.673
1657232972 109.673
1657232973 109.673
1657232974 109.673
1657232974 109.673
1657232974 109.673
1657232975 109.673
1657232975 109.673
1657232976 109.673
1657232976 109.673
1657232976 109.673
1657232977 109.673
1657232977 109.673
1657232977 109.673
1657232978 109.673
1657232978 109.673
1657232978 109.673
1657232979 109.673
1657232979 109.673
1657232979 109.673
1657232980 109.673
1657232980 109.673
1657232980 109.673
1657232981 109.673
1657232981 109.673
1657232981 109.673
1657232982 109.673
1657232982 109.673
1657232982 109.673
1657232982 109.673
1657232983 109.673
1657232983 109.673
1657232984 109.673
1657232984 109.673
1657232984 109.673
1657232985 109.673
1657232985 109.673
1657232986 109.673
1657232986 109.673
1657232987 109.673
1657232987 109.673
1657232987 109.673
1657232988 109.673
1657232988 109.673
1657232988 109.673
1657232989 109.673
1657232989 109.673
1657232989 109.673
1657232990 109.673
1657232990 109.673
1657232990 109.673
1657232991 109.673
1657232991 109.673
1657232991 109.673
1657232992 109.673
1657232992 109.673
1657232992 109.673
1657232993 109.673
1657232993 109.673
1657232993 109.673
1657232994 109.673
1657232994 109.673
1657232994 109.673
1657232995 109.673
1657232995 109.673
1657232995 109.673
1657232996 109.673
1657232996 109.673
1657232996 109.673
1657232997 109.673
1657232997 109.673
1657232998 109.673
1657232998 109.673
1657232999 109.673
1657232999 109.673
1657232999 109.673
1657233000 109.673
1657233000 109.673
1657233000 109.673
1657233001 109.673
1657233001 109.673
1657233001 109.673
1657233002 109.673
1657233002 109.673
1657233002 109.673
1657233003 109.673
1657233003 109.673
1657233004 109.673
1657233004 109.673
1657233004 109.673
1657233005 109.673
1657233005 109.673
1657233005 109.673
1657233006 109.673
1657233006 109.673
1657233006 109.673
1657233007 109.673
1657233007 109.673
1657233007 109.673
1657233008 109.673
1657233008 109.673
1657233008 109.673
1657233009 109.673
1657233010 109.673
1657233010 109.673
1657233010 109.673
1657233011 109.673
1657233011 109.673
1657233011 109.673
1657233012 109.673
1657233012 109.673
1657233012 109.673
1657233013 109.673
1657233013 109.673
1657233013 109.673
1657233014 109.673
1657233014 109.673
1657233014 109.673
1657233015 109.673
1657233015 109.673
1657233015 109.673
1657233016 109.673
1657233016 109.673
1657233016 109.673
1657233017 109.673
1657233017 109.673
1657233017 109.673
1657233018 109.673
1657233018 109.673
1657233019 109.673
1657233019 109.673
1657233019 109.673
1657233020 109.673
1657233020 109.673
1657233021 109.673
1657233021 109.673
1657233022 109.673
1657233022 109.673
1657233022 109.673
1657233023 109.673
1657233023 109.673
1657233023 109.673
1657233024 109.673
1657233024 109.673
1657233024 109.673
1657233025 109.673
1657233025 109.673
1657233025 109.673
1657233026 109.673
1657233026 109.673
1657233026 109.673
1657233027 109.673
1657233027 109.673
1657233028 109.673
1657233028 109.673
1657233028 109.673
1657233029 109.673
1657233029 109.673
1657233029 109.673
1657233030 109.673
1657233030 109.673
1657233030 109.673
1657233031 109.673
1657233031 109.673
1657233031 109.673
1657233032 109.673
1657233032 109.673
1657233033 109.673
1657233034 109.673
1657233034 109.673
1657233035 109.673
1657233035 109.673
1657233036 109.673
1657233036 109.673
1657233036 109.673
1657233037 109.673
1657233037 109.673
1657233037 109.673
1657233038 109.673
1657233038 109.673
1657233038 109.673
1657233039 109.673
1657233039 109.673
1657233039 109.673
1657233040 109.673
1657233040 109.673
1657233041 109.673
1657233041 109.673
1657233041 109.673
1657233042 109.673
1657233042 109.673
1657233042 109.673
1657233043 109.673
1657233043 109.673
1657233044 109.673
1657233044 109.673
1657233044 109.673
1657233044 109.673
1657233045 109.673
1657233045 109.673
1657233046 109.673
1657233046 109.673
1657233047 109.673
1657233047 109.673
1657233047 109.673
1657233048 109.673
1657233048 109.673
1657233048 109.673
1657233049 109.673
1657233049 109.673
1657233049 109.673
1657233050 109.673
1657233050 109.673
1657233050 109.673
1657233051 109.673
1657233051 109.673
1657233051 109.673
1657233052 109.673
1657233052 109.673
1657233052 109.673
1657233053 109.673
1657233053 109.673
1657233053 109.673
1657233054 109.673
1657233054 109.673
1657233055 109.673
1657233055 109.673
1657233055 109.673
1657233055 109.673
1657233056 109.673
1657233056 109.673
1657233057 109.673
1657233057 109.673
1657233058 109.673
1657233058 109.673
1657233059 109.673
1657233059 109.673
1657233059 109.673
1657233060 109.673
1657233060 109.673
1657233061 109.673
1657233061 109.673
1657233061 109.673
1657233062 109.673
1657233062 109.673
1657233062 109.673
1657233063 109.673
1657233063 109.673
1657233063 109.673
1657233064 109.673
1657233064 109.673
1657233065 109.673
1657233065 109.673
1657233065 109.673
1657233065 109.673
1657233066 109.673
1657233066 109.673
1657233067 109.673
1657233067 109.673
1657233067 109.673
1657233068 109.673
1657233068 109.673
1657233068 109.673
1657233069 109.673
1657233069 109.673
1657233070 109.673
1657233070 109.673
1657233071 109.673
1657233071 109.673
1657233071 109.673
1657233072 109.673
1657233072 109.673
1657233072 109.673
1657233073 109.673
1657233073 109.673
1657233073 109.673
1657233074 109.673
1657233074 109.673
1657233074 109.673
1657233075 109.673
1657233075 109.673
1657233075 109.673
1657233076 109.673
1657233076 109.673
1657233076 109.673
1657233077 109.673
1657233077 109.673
1657233077 109.673
1657233078 109.673
1657233078 109.673
1657233078 109.673
1657233079 109.673
1657233079 109.673
1657233079 109.673
1657233080 109.673
1657233080 109.673
1657233080 109.673
1657233081 109.673
1657233081 109.673
1657233082 109.673
1657233082 109.673
1657233083 109.673
1657233083 109.673
1657233083 109.673
1657233084 109.673
1657233084 109.673
1657233084 109.673
1657233085 109.673
1657233085 109.673
1657233085 109.673
1657233086 109.673
1657233086 109.673
1657233086 109.673
1657233087 109.673
1657233087 109.673
1657233088 109.673
1657233088 109.673
1657233088 109.673
1657233089 109.673
1657233089 109.673
1657233089 109.673
1657233090 109.673
1657233090 109.673
1657233090 109.673
1657233091 109.673
1657233091 109.673
1657233091 109.673
1657233092 109.673
1657233092 109.673
1657233092 109.673
1657233093 109.673
1657233094 109.673
1657233094 109.673
1657233095 109.673
1657233096 109.673
1657233096 109.673
1657233097 109.673
1657233097 109.673
1657233097 109.673
1657233098 109.673
1657233098 109.673
1657233098 109.673
1657233098 109.673
1657233099 109.673
1657233099 109.673
1657233099 109.673
1657233100 109.673
1657233100 109.673
1657233100 109.673
1657233101 109.673
1657233101 109.673
1657233101 109.673
1657233102 109.673
1657233102 109.673
1657233102 109.673
1657233103 109.673
1657233103 109.673
1657233103 109.673
1657233104 109.673
1657233104 109.673
1657233104 109.673
1657233105 109.673
1657233105 109.673
1657233105 109.673
1657233106 109.673
1657233106 109.673
1657233106 109.673
1657233107 109.673
1657233108 109.673
1657233108 109.673
1657233108 109.673
1657233109 109.673
1657233109 109.673
1657233109 109.673
1657233110 109.673
1657233110 109.673
1657233110 109.673
1657233111 109.673
1657233111 109.673
1657233111 109.673
1657233112 109.673
1657233112 109.673
1657233112 109.673
1657233113 109.673
1657233113 109.673
1657233113 109.673
1657233114 109.673
1657233114 109.673
1657233115 109.673
1657233115 109.673
1657233115 109.673
1657233116 109.673
1657233116 109.673
1657233116 109.673
1657233117 109.673
1657233117 109.673
1657233117 109.673
1657233118 109.673
1657233118 109.673
1657233119 109.673
1657233119 109.673
1657233120 109.673
1657233120 109.673
1657233121 109.673
1657233121 109.673
1657233121 109.673
1657233122 109.673
1657233122 109.673
1657233122 109.673
1657233123 109.673
1657233123 109.673
1657233123 109.673
1657233124 109.673
1657233124 109.673
1657233124 109.673
1657233125 109.673
1657233125 109.673
1657233125 109.673
1657233126 109.673
1657233126 109.673
1657233126 109.673
1657233127 109.673
1657233127 109.673
1657233127 109.673
1657233128 109.673
1657233128 109.673
1657233128 109.673
1657233129 109.673
1657233129 109.673
1657233129 109.673
1657233130 109.673
1657233131 109.673
1657233131 109.673
1657233131 109.673
1657233132 109.673
1657233132 109.673
1657233132 109.673
1657233133 109.673
1657233133 109.673
1657233133 109.673
1657233134 109.673
1657233134 109.673
1657233134 109.673
1657233135 109.673
1657233135 109.673
1657233135 109.673
1657233136 109.673
1657233136 109.673
1657233136 109.673
1657233137 109.673
1657233137 109.673
1657233138 109.673
1657233138 109.673
1657233138 109.673
1657233138 109.673
1657233139 109.673
1657233139 109.673
1657233139 109.673
1657233140 109.673
1657233140 109.673
1657233141 109.673
1657233141 109.673
1657233141 109.673
1657233142 109.673
1657233142 109.673
1657233143 109.673
1657233143 109.673
1657233144 109.673
1657233144 109.673
1657233144 109.673
1657233145 109.673
1657233145 109.673
1657233145 109.673
1657233146 109.673
1657233146 109.673
1657233146 109.673
1657233147 109.673
1657233147 109.673
1657233148 109.673
1657233148 109.673
1657233148 109.673
1657233149 109.673
1657233149 109.673
1657233149 109.673
1657233150 109.673
1657233150 109.673
1657233150 109.673
1657233151 109.673
1657233151 109.673
1657233152 109.673
1657233152 109.673
1657233152 109.673
1657233153 109.673
1657233153 109.673
1657233153 109.673
1657233154 109.673
1657233154 109.673
1657233155 109.673
1657233156 109.673
1657233156 109.673
1657233157 109.673
1657233157 109.673
1657233158 110.626
1657233158 109.673
1657233158 110.626
1657233159 110.626
1657233159 110.626
1657233159 109.673
1657233160 110.626
1657233160 110.626
1657233160 110.626
1657233161 110.626
1657233161 110.626
1657233161 110.626
1657233162 110.626
1657233162 110.626
1657233162 110.626
1657233163 110.626
1657233163 110.626
1657233163 110.626
1657233164 110.626
1657233164 110.626
1657233164 110.626
1657233165 110.626
1657233165 110.626
1657233165 110.626
1657233166 110.626
1657233166 110.626
1657233166 110.626
1657233167 110.626
1657233167 110.626
1657233167 110.626
1657233168 110.626
1657233168 110.626
1657233169 110.626
1657233169 110.626
1657233170 110.626
1657233170 110.626
1657233170 110.626
1657233171 110.626
1657233171 110.626
1657233171 110.626
1657233172 110.626
1657233172 110.626
1657233172 110.626
1657233173 110.626
1657233173 110.626
1657233174 110.626
1657233174 110.626
1657233174 110.626
1657233175 110.626
1657233175 110.626
1657233175 110.626
1657233176 110.626
1657233176 110.626
1657233176 110.626
1657233177 110.626
1657233177 110.626
1657233177 110.626
1657233178 110.626
1657233178 110.626
1657233179 110.626
1657233179 110.626
1657233179 110.626
1657233180 110.626
1657233180 110.626
1657233181 110.626
1657233181 110.626
1657233182 110.626
1657233182 110.626
1657233182 110.626
1657233183 110.626
1657233183 110.626
1657233183 110.626
1657233184 110.626
1657233184 110.626
1657233184 110.626
1657233185 110.626
1657233185 110.626
1657233185 110.626
1657233186 110.626
1657233186 110.626
1657233186 110.626
1657233187 110.626
1657233187 110.626
1657233187 110.626
1657233188 110.626
1657233188 110.626
1657233188 110.626
1657233189 110.626
1657233189 110.626
1657233189 110.626
1657233190 110.626
1657233190 110.626
1657233190 110.626
1657233191 110.626
1657233191 110.626
1657233191 110.626
1657233192 110.626
1657233192 110.626
1657233193 110.626
1657233194 110.626
1657233194 110.626
1657233194 110.626
1657233195 110.626
1657233195 110.626
1657233195 110.626
1657233196 110.626
1657233196 110.626
1657233196 110.626
1657233197 110.626
1657233197 110.626
1657233197 110.626
1657233198 110.626
1657233198 110.626
1657233199 110.626
1657233199 110.626
1657233199 110.626
1657233199 110.626
1657233200 110.626
1657233200 110.626
1657233200 110.626
1657233201 110.626
1657233201 110.626
1657233201 110.626
1657233202 110.626
1657233202 110.626
1657233202 110.626
1657233203 110.626
1657233203 110.626
1657233204 110.626
1657233204 110.626
1657233205 110.626
1657233205 110.626
1657233206 110.626
1657233206 110.626
1657233206 110.626
1657233207 110.626
1657233207 110.626
1657233207 110.626
1657233208 110.626
1657233208 110.626
1657233209 110.626
1657233209 110.626
1657233209 110.626
1657233210 110.626
1657233210 110.626
1657233210 110.626
1657233211 110.626
1657233211 110.626
1657233211 110.626
1657233212 110.626
1657233212 110.626
1657233212 110.626
1657233213 110.626
1657233213 110.626
1657233213 110.626
1657233214 110.626
1657233214 110.626
1657233214 110.626
1657233215 110.626
1657233215 110.626
1657233215 110.626
1657233216 110.626
1657233217 110.626
1657233217 110.626
1657233218 110.626
1657233219 110.626
1657233219 110.626
1657233220 110.626
1657233220 110.626
1657233220 110.626
1657233221 110.626
1657233221 110.626
1657233221 110.626
1657233222 110.626
1657233222 110.626
1657233222 110.626
1657233223 110.626
1657233223 110.626
1657233223 110.626
1657233224 110.626
1657233224 110.626
1657233224 110.626
1657233225 110.626
1657233225 110.626
1657233226 110.626
1657233226 110.626
1657233226 110.626
1657233226 110.626
1657233227 110.626
1657233227 110.626
1657233227 110.626
1657233228 110.626
1657233228 110.626
1657233228 110.626
1657233229 110.626
1657233229 110.626
1657233229 110.626
1657233230 110.626
1657233231 110.626
1657233231 110.626
1657233232 110.626
1657233232 110.626
1657233232 110.626
1657233233 110.626
1657233233 110.626
1657233233 110.626
1657233234 110.626
1657233234 110.626
1657233234 110.626
1657233235 110.626
1657233235 110.626
1657233235 110.626
1657233236 110.626
1657233236 110.626
1657233236 110.626
1657233237 110.626
1657233237 110.626
1657233237 110.626
1657233238 110.626
1657233238 110.626
1657233238 110.626
1657233239 110.626
1657233239 110.626
1657233240 110.626
1657233240 110.626
1657233240 110.626
1657233241 110.626
1657233241 110.626
1657233241 110.626
1657233242 110.626
1657233243 110.626
1657233243 110.626
1657233244 110.626
1657233244 110.626
1657233244 110.626
1657233245 110.626
1657233245 110.626
1657233245 110.626
1657233246 110.626
1657233246 110.626
1657233246 110.626
1657233247 110.626
1657233247 110.626
1657233247 110.626
1657233248 110.626
1657233248 110.626
1657233248 110.626
1657233249 110.626
1657233249 110.626
1657233249 110.626
1657233250 110.626
1657233250 110.626
1657233250 110.626
1657233251 110.626
1657233251 110.626
1657233251 110.626
1657233252 110.626
1657233252 110.626
1657233252 110.626
1657233253 110.626
1657233253 110.626
1657233254 110.626
1657233254 110.626
1657233255 110.626
1657233255 110.626
1657233256 110.626
1657233256 110.626
1657233256 110.626
1657233257 110.626
1657233257 110.626
1657233257 110.626
1657233258 110.626
1657233258 110.626
1657233258 110.626
1657233259 110.626
1657233259 110.626
1657233259 110.626
1657233259 110.626
1657233260 110.626
1657233260 110.626
1657233261 110.626
1657233261 110.626
1657233261 110.626
1657233262 110.626
1657233262 110.626
1657233262 110.626
1657233262 110.626
1657233263 110.626
1657233263 110.626
1657233263 110.626
1657233264 110.626
1657233264 110.626
1657233264 110.626
1657233265 110.626
1657233265 110.626
1657233266 110.626
1657233266 110.626
1657233267 110.626
1657233267 110.626
1657233267 110.626
1657233268 110.626
1657233268 110.626
1657233268 110.626
1657233269 110.626
1657233269 110.626
1657233270 110.626
1657233270 110.626
1657233270 110.626
1657233271 110.626
1657233271 110.626
1657233271 110.626
1657233272 110.626
1657233272 110.626
1657233272 110.626
1657233272 110.626
1657233273 110.626
1657233273 110.626
1657233274 110.626
1657233274 110.626
1657233274 110.626
1657233274 110.626
1657233275 110.626
1657233275 110.626
1657233276 110.626
1657233276 110.626
1657233276 110.626
1657233276 110.626
1657233277 110.626
1657233277 110.626
1657233278 110.626
1657233279 110.626
1657233279 110.626
1657233280 110.626
1657233280 106.812
1657233281 110.626
1657233281 110.626
1657233281 110.626
1657233282 110.626
1657233282 106.812
1657233282 110.626
1657233282 110.626
1657233283 110.626
1657233283 110.626
1657233283 110.626
1657233284 110.626
1657233284 110.626
1657233284 110.626
1657233285 106.812
1657233285 110.626
1657233286 110.626
1657233286 110.626
1657233286 110.626
1657233287 110.626
1657233287 110.626
1657233287 110.626
1657233288 110.626
1657233288 106.812
1657233288 106.812
1657233289 106.812
1657233289 106.812
1657233289 110.626
1657233290 106.812
1657233290 110.626
1657233290 110.626
1657233291 106.812
1657233291 106.812
1657233292 106.812
1657233293 110.626
1657233293 106.812
1657233293 106.812
1657233294 110.626
1657233294 110.626
1657233294 106.812
1657233295 110.626
1657233295 106.812
1657233295 110.626
1657233296 106.812
1657233296 106.812
1657233296 106.812
1657233296 110.626
1657233297 106.812
1657233297 106.812
1657233298 110.626
1657233298 106.812
1657233298 106.812
1657233299 110.626
1657233299 106.812
1657233299 106.812
1657233300 110.626
1657233300 106.812
1657233301 106.812
1657233301 110.626
1657233301 106.812
1657233302 110.626
1657233302 110.626
1657233302 110.626
1657233303 106.812
1657233303 106.812
1657233304 106.812
1657233304 110.626
1657233305 110.626
1657233305 106.812
1657233305 106.812
1657233306 110.626
1657233306 110.626
1657233306 106.812
1657233307 106.812
1657233307 106.812
1657233307 106.812
1657233308 106.812
1657233308 106.812
1657233308 106.812
1657233309 106.812
1657233309 106.812
1657233309 106.812
1657233310 106.812
1657233310 106.812
1657233310 106.812
1657233311 106.812
1657233311 106.812
1657233312 106.812
1657233312 106.812
1657233312 106.812
1657233313 106.812
1657233313 106.812
1657233313 106.812
1657233314 106.812
1657233314 106.812
1657233314 106.812
1657233315 106.812
1657233316 106.812
1657233316 106.812
1657233316 106.812
1657233316 106.812
1657233317 106.812
1657233317 106.812
1657233317 106.812
1657233318 106.812
1657233318 106.812
1657233318 106.812
1657233319 106.812
1657233319 106.812
1657233319 106.812
1657233320 106.812
1657233320 106.812
1657233320 106.812
1657233321 106.812
1657233321 106.812
1657233321 106.812
1657233322 106.812
1657233322 106.812
1657233322 106.812
1657233323 106.812
1657233323 106.812
1657233323 106.812
1657233324 106.812
1657233324 106.812
1657233324 106.812
1657233325 106.812
1657233326 106.812
1657233327 106.812
1657233327 106.812
1657233327 106.812
1657233328 106.812
1657233328 106.812
1657233328 106.812
1657233329 106.812
1657233329 106.812
1657233329 106.812
1657233330 106.812
1657233330 106.812
1657233331 106.812
1657233331 106.812
1657233331 106.812
1657233332 106.812
1657233332 106.812
1657233332 106.812
1657233333 106.812
1657233333 106.812
1657233333 106.812
1657233334 106.812
1657233334 106.812
1657233334 106.812
1657233334 106.812
1657233335 106.812
1657233335 106.812
1657233335 106.812
1657233336 106.812
1657233336 106.812
1657233336 106.812
1657233337 106.812
1657233337 106.812
1657233337 106.812
1657233338 106.812
1657233338 106.812
1657233339 106.812
1657233339 106.812
1657233340 106.812
1657233341 106.812
1657233341 106.812
1657233341 106.812
1657233342 106.812
1657233342 106.812
1657233342 106.812
1657233343 106.812
1657233343 106.812
1657233343 106.812
1657233344 106.812
1657233344 106.812
1657233345 106.812
1657233345 106.812
1657233345 106.812
1657233346 106.812
1657233346 106.812
1657233346 106.812
1657233347 106.812
1657233347 106.812
1657233347 106.812
1657233347 106.812
1657233348 106.812
1657233348 106.812
1657233348 106.812
1657233349 106.812
1657233349 106.812
1657233349 106.812
1657233350 106.812
1657233350 106.812
1657233350 106.812
1657233351 106.812
1657233351 106.812
1657233351 106.812
1657233352 106.812
1657233352 106.812
1657233353 106.812
1657233353 106.812
1657233354 106.812
1657233354 106.812
1657233354 106.812
1657233355 106.812
1657233355 106.812
1657233355 106.812
1657233356 106.812
1657233356 106.812
1657233356 106.812
1657233356 106.812
1657233357 106.812
1657233357 106.812
1657233358 106.812
1657233358 106.812
1657233358 106.812
1657233359 106.812
1657233359 106.812
1657233359 106.812
1657233360 106.812
1657233360 106.812
1657233361 106.812
1657233361 106.812
1657233361 106.812
1657233362 106.812
1657233362 106.812
1657233362 106.812
1657233362 106.812
1657233363 106.812
1657233363 106.812
1657233364 106.812
1657233364 106.812
1657233365 106.812
1657233365 106.812
1657233366 106.812
1657233366 106.812
1657233366 106.812
1657233367 106.812
1657233367 106.812
1657233367 106.812
1657233368 106.812
1657233368 106.812
1657233368 106.812
1657233369 106.812
1657233369 106.812
1657233369 106.812
1657233370 106.812
1657233370 106.812
1657233370 106.812
1657233371 106.812
1657233371 106.812
1657233371 106.812
1657233371 106.812
1657233372 106.812
1657233372 106.812
1657233372 106.812
1657233373 106.812
1657233373 106.812
1657233373 106.812
1657233374 106.812
1657233374 106.812
1657233374 106.812
1657233375 106.812
1657233375 106.812
1657233375 106.812
1657233376 106.812
1657233376 106.812
1657233377 106.812
1657233377 106.812
1657233377 106.812
1657233378 106.812
1657233378 106.812
1657233378 106.812
1657233379 106.812
1657233379 106.812
1657233379 106.812
1657233380 106.812
1657233380 106.812
1657233380 106.812
1657233381 106.812
1657233381 106.812
1657233381 106.812
1657233382 106.812
1657233382 106.812
1657233382 106.812
1657233383 106.812
1657233383 106.812
1657233383 106.812
1657233384 106.812
1657233384 106.812
1657233384 106.812
1657233385 106.812
1657233385 106.812
1657233385 106.812
1657233386 106.812
1657233386 106.812
1657233387 106.812
1657233387 106.812
1657233388 106.812
1657233388 106.812
1657233388 106.812
1657233389 106.812
1657233389 106.812
1657233390 106.812
1657233390 106.812
1657233390 106.812
1657233391 106.812
1657233391 106.812
1657233392 106.812
1657233392 106.812
1657233393 106.812
1657233393 106.812
1657233394 106.812
1657233394 106.812
1657233394 106.812
1657233395 106.812
1657233395 106.812
1657233395 106.812
1657233396 106.812
1657233396 106.812
1657233396 106.812
1657233397 106.812
1657233397 106.812
1657233398 106.812
1657233398 106.812
1657233399 106.812
1657233399 106.812
1657233400 106.812
1657233401 106.812
1657233401 106.812
1657233401 106.812
1657233402 106.812
1657233402 106.812
1657233402 106.812
1657233403 106.812
1657233403 106.812
1657233403 106.812
1657233404 106.812
1657233404 106.812
1657233404 106.812
1657233405 106.812
1657233405 106.812
1657233405 106.812
1657233406 106.812
1657233406 106.812
1657233406 106.812
1657233407 106.812
1657233407 106.812
1657233407 106.812
1657233408 106.812
1657233408 106.812
1657233408 106.812
1657233409 106.812
1657233409 106.812
1657233410 106.812
1657233410 106.812
1657233410 106.812
1657233410 106.812
1657233411 106.812
1657233411 106.812
1657233411 106.812
1657233412 106.812
1657233412 106.812
1657233413 106.812
1657233413 106.812
1657233414 106.812
1657233414 106.812
1657233415 106.812
1657233415 106.812
1657233415 106.812
1657233415 106.812
1657233416 106.812
1657233416 106.812
1657233416 106.812
1657233417 106.812
1657233417 106.812
1657233417 106.812
1657233418 106.812
1657233418 106.812
1657233418 106.812
1657233419 106.812
1657233419 106.812
1657233419 106.812
1657233420 106.812
1657233420 106.812
1657233421 106.812
1657233421 106.812
1657233421 106.812
1657233421 106.812
1657233422 106.812
1657233422 106.812
1657233423 106.812
1657233423 106.812
1657233423 106.812
1657233424 106.812
1657233424 106.812
1657233425 106.812
1657233425 106.812
1657233426 106.812
1657233426 106.812
1657233426 106.812
1657233427 106.812
1657233427 106.812
1657233427 106.812
1657233428 106.812
1657233428 106.812
1657233428 106.812
1657233429 106.812
1657233429 106.812
1657233429 106.812
1657233430 106.812
1657233430 106.812
1657233430 106.812
1657233431 106.812
1657233431 106.812
1657233431 106.812
1657233432 106.812
1657233432 106.812
1657233432 106.812
1657233433 106.812
1657233433 106.812
1657233433 106.812
1657233434 106.812
1657233434 106.812
1657233434 106.812
1657233435 106.812
1657233435 106.812
1657233435 106.812
1657233436 106.812
1657233436 106.812
1657233437 106.812
1657233437 106.812
1657233437 106.812
1657233438 106.812
1657233438 106.812
1657233438 106.812
1657233439 106.812
1657233439 106.812
1657233439 106.812
1657233440 106.812
1657233440 106.812
1657233440 106.812
1657233441 106.812
1657233441 106.812
1657233441 106.812
1657233442 106.812
1657233442 106.812
1657233442 106.812
1657233443 106.812
1657233443 106.812
1657233443 106.812
1657233444 106.812
1657233444 106.812
1657233444 106.812
1657233445 106.812
1657233445 106.812
1657233445 106.812
1657233446 106.812
1657233446 106.812
1657233446 106.812
1657233446 106.812
1657233447 106.812
1657233448 106.812
1657233448 106.812
1657233448 106.812
1657233449 106.812
1657233449 106.812
1657233450 106.812
1657233450 106.812
1657233450 106.812
1657233450 106.812
1657233451 106.812
1657233451 106.812
1657233451 106.812
1657233452 106.812
1657233452 106.812
1657233452 106.812
1657233453 106.812
1657233453 106.812
1657233453 106.812
1657233454 106.812
1657233454 106.812
1657233454 106.812
1657233455 106.812
1657233455 106.812
1657233455 106.812
1657233456 106.812
1657233456 106.812
1657233456 106.812
1657233457 106.812
1657233457 106.812
1657233457 106.812
1657233458 106.812
1657233458 106.812
1657233458 106.812
1657233459 106.812
1657233459 106.812
1657233460 106.812
1657233461 106.812
1657233461 106.812
1657233462 106.812
1657233462 106.812
1657233463 106.812
1657233463 106.812
1657233463 106.812
1657233464 106.812
1657233464 106.812
1657233464 106.812
1657233465 106.812
1657233465 106.812
1657233465 106.812
1657233466 106.812
1657233466 106.812
1657233466 106.812
1657233467 106.812
1657233467 106.812
1657233467 106.812
1657233468 106.812
1657233468 106.812
1657233468 106.812
1657233469 106.812
1657233469 106.812
1657233469 106.812
1657233470 106.812
1657233470 106.812
1657233470 106.812
1657233471 106.812
1657233471 106.812
1657233471 106.812
1657233472 106.812
1657233472 106.812
1657233472 106.812
1657233473 106.812
1657233473 106.812
1657233474 106.812
1657233474 106.812
1657233475 106.812
1657233475 106.812
1657233475 106.812
1657233476 106.812
1657233476 106.812
1657233476 106.812
1657233477 106.812
1657233477 106.812
1657233477 106.812
1657233478 106.812
1657233478 106.812
1657233478 106.812
1657233479 106.812
1657233479 106.812
1657233479 106.812
1657233480 106.812
1657233480 106.812
1657233480 106.812
1657233481 106.812
1657233481 106.812
1657233481 106.812
1657233482 106.812
1657233482 106.812
1657233482 106.812
1657233483 106.812
1657233483 106.812
1657233483 106.812
1657233484 106.812
1657233484 106.812
1657233484 106.812
1657233485 106.812
1657233486 106.812
1657233486 106.812
1657233486 105.858
1657233487 106.812
1657233487 105.858
1657233487 105.858
1657233488 106.812
1657233488 105.858
1657233488 105.858
1657233489 105.858
1657233489 106.812
1657233489 106.812
1657233490 105.858
1657233490 105.858
1657233490 105.858
1657233491 105.858
1657233491 105.858
1657233491 105.858
1657233492 105.858
1657233492 105.858
1657233492 105.858
1657233493 105.858
1657233493 105.858
1657233493 105.858
1657233494 105.858
1657233494 105.858
1657233494 105.858
1657233495 105.858
1657233495 105.858
1657233495 105.858
1657233496 105.858
1657233497 105.858
1657233497 105.858
1657233497 105.858
1657233498 105.858
1657233498 105.858
1657233498 105.858
1657233499 105.858
1657233499 105.858
1657233499 105.858
1657233500 105.858
1657233500 105.858
1657233500 105.858
1657233501 105.858
1657233501 105.858
1657233501 105.858
1657233502 105.858
1657233502 105.858
1657233502 105.858
1657233503 105.858
1657233503 105.858
1657233503 105.858
1657233504 105.858
1657233504 105.858
1657233504 105.858
1657233505 105.858
1657233505 105.858
1657233505 105.858
1657233506 105.858
1657233506 105.858
1657233506 105.858
1657233507 105.858
1657233507 105.858
1657233508 105.858
1657233508 105.858
1657233509 105.858
1657233509 105.858
1657233509 105.858
1657233510 105.858
1657233510 105.858
1657233510 105.858
1657233511 105.858
1657233511 105.858
1657233511 105.858
1657233512 105.858
1657233512 105.858
1657233512 105.858
1657233512 105.858
1657233513 105.858
1657233513 105.858
1657233513 105.858
1657233514 105.858
1657233514 105.858
1657233514 105.858
1657233515 105.858
1657233515 105.858
1657233516 105.858
1657233516 105.858
1657233516 105.858
1657233517 105.858
1657233517 105.858
1657233517 105.858
1657233518 105.858
1657233518 105.858
1657233519 105.858
1657233520 105.858
1657233520 105.858
1657233521 105.858
1657233521 105.858
1657233522 105.858
1657233522 105.858
1657233522 105.858
1657233523 105.858
1657233523 105.858
1657233523 105.858
1657233524 105.858
1657233524 105.858
1657233524 105.858
1657233524 105.858
1657233525 105.858
1657233525 105.858
1657233526 105.858
1657233526 105.858
1657233526 105.858
1657233527 105.858
1657233527 105.858
1657233527 105.858
1657233527 105.858
1657233528 105.858
1657233528 105.858
1657233528 105.858
1657233529 105.858
1657233529 105.858
1657233529 105.858
1657233530 105.858
1657233530 105.858
1657233530 105.858
1657233531 105.858
1657233531 105.858
1657233532 105.858
1657233532 105.858
1657233533 105.858
1657233533 105.858
1657233534 105.858
1657233534 105.858
1657233534 105.858
1657233535 105.858
1657233535 105.858
1657233535 105.858
1657233536 105.858
1657233536 105.858
1657233536 105.858
1657233537 105.858
1657233537 105.858
1657233537 105.858
1657233538 105.858
1657233538 105.858
1657233538 105.858
1657233539 105.858
1657233539 105.858
1657233540 105.858
1657233540 105.858
1657233540 105.858
1657233541 105.858
1657233541 105.858
1657233541 105.858
1657233541 105.858
1657233542 105.858
1657233542 105.858
1657233543 105.858
1657233543 105.858
1657233543 105.858
1657233544 105.858
1657233544 105.858
1657233545 105.858
1657233545 105.858
1657233546 105.858
1657233546 105.858
1657233546 105.858
1657233547 105.858
1657233547 105.858
1657233547 105.858
1657233548 105.858