1656698965 76.294
1656698965 76.294
1656698965 76.294
1656698965 76.294
1656698966 76.294
1656698966 76.294
1656698966 76.294
1656698967 76.294
1656698967 76.294
1656698967 76.294
1656698968 76.294
1656698968 76.294
1656698968 76.294
1656698969 76.294
1656698969 76.294
1656698969 76.294
1656698970 76.294
1656698971 76.294
1656698971 76.294
1656698971 76.294
1656698972 76.294
1656698972 76.294
1656698972 76.294
1656698973 76.294
1656698973 76.294
1656698973 76.294
1656698974 76.294
1656698974 76.294
1656698974 76.294
1656698974 76.294
1656698975 76.294
1656698975 76.294
1656698975 76.294
1656698976 76.294
1656698976 76.294
1656698976 76.294
1656698977 76.294
1656698977 76.294
1656698977 76.294
1656698977 76.294
1656698978 76.294
1656698978 76.294
1656698978 76.294
1656698979 76.294
1656698979 76.294
1656698979 76.294
1656698979 76.294
1656698980 76.294
1656698980 76.294
1656698980 76.294
1656698981 76.294
1656698981 76.294
1656698981 76.294
1656698981 76.294
1656698982 76.294
1656698982 76.294
1656698982 76.294
1656698983 76.294
1656698983 76.294
1656698983 76.294
1656698984 76.294
1656698984 76.294
1656698984 76.294
1656698984 76.294
1656698985 76.294
1656698985 76.294
1656698985 76.294
1656698986 76.294
1656698986 76.294
1656698986 76.294
1656698986 76.294
1656698987 76.294
1656698987 76.294
1656698987 76.294
1656698988 76.294
1656698988 76.294
1656698988 76.294
1656698988 76.294
1656698989 76.294
1656698989 76.294
1656698990 76.294
1656698990 76.294
1656698990 76.294
1656698991 76.294
1656698991 76.294
1656698991 76.294
1656698991 76.294
1656698992 76.294
1656698992 76.294
1656698992 76.294
1656698992 76.294
1656698993 76.294
1656698993 76.294
1656698993 76.294
1656698994 76.294
1656698994 76.294
1656698994 79.155
1656698995 79.155
1656698995 79.155
1656698995 79.155
1656698996 79.155
1656698996 79.155
1656698996 79.155
1656698997 79.155
1656698997 79.155
1656698997 79.155
1656698998 79.155
1656698998 79.155
1656698999 79.155
1656698999 79.155
1656698999 79.155
1656698999 79.155
1656699000 79.155
1656699000 79.155
1656699001 79.155
1656699001 79.155
1656699001 79.155
1656699002 79.155
1656699002 79.155
1656699002 79.155
1656699002 79.155
1656699003 79.155
1656699003 79.155
1656699003 79.155
1656699004 79.155
1656699004 79.155
1656699004 79.155
1656699005 79.155
1656699005 79.155
1656699005 79.155
1656699005 79.155
1656699006 79.155
1656699006 79.155
1656699006 79.155
1656699007 79.155
1656699007 79.155
1656699007 79.155
1656699007 79.155
1656699008 79.155
1656699008 79.155
1656699008 79.155
1656699009 79.155
1656699009 79.155
1656699009 79.155
1656699009 79.155
1656699010 79.155
1656699010 79.155
1656699010 79.155
1656699011 79.155
1656699011 79.155
1656699011 79.155
1656699012 79.155
1656699012 79.155
1656699012 79.155
1656699012 79.155
1656699013 79.155
1656699013 79.155
1656699013 79.155
1656699014 79.155
1656699014 79.155
1656699014 79.155
1656699014 79.155
1656699015 79.155
1656699015 79.155
1656699015 79.155
1656699015 79.155
1656699016 79.155
1656699016 79.155
1656699016 79.155
1656699017 79.155
1656699017 79.155
1656699017 79.155
1656699018 79.155
1656699018 79.155
1656699018 79.155
1656699018 79.155
1656699019 79.155
1656699019 79.155
1656699019 79.155
1656699020 79.155
1656699020 79.155
1656699020 79.155
1656699021 79.155
1656699021 79.155
1656699021 79.155
1656699021 79.155
1656699022 79.155
1656699022 79.155
1656699022 79.155
1656699023 79.155
1656699023 79.155
1656699023 79.155
1656699024 79.155
1656699024 79.155
1656699024 79.155
1656699025 79.155
1656699025 79.155
1656699025 79.155
1656699025 79.155
1656699026 79.155
1656699026 79.155
1656699026 79.155
1656699027 79.155
1656699027 79.155
1656699027 79.155
1656699028 79.155
1656699028 79.155
1656699028 79.155
1656699029 79.155
1656699029 79.155
1656699029 79.155
1656699030 79.155
1656699030 79.155
1656699030 79.155
1656699031 79.155
1656699031 79.155
1656699031 79.155
1656699032 79.155
1656699032 79.155
1656699032 79.155
1656699033 79.155
1656699033 79.155
1656699033 79.155
1656699034 79.155
1656699034 79.155
1656699034 79.155
1656699034 79.155
1656699035 79.155
1656699035 79.155
1656699035 79.155
1656699036 79.155
1656699036 79.155
1656699036 79.155
1656699037 79.155
1656699037 79.155
1656699037 79.155
1656699037 79.155
1656699038 79.155
1656699038 79.155
1656699038 79.155
1656699039 79.155
1656699039 79.155
1656699039 79.155
1656699039 79.155
1656699040 79.155
1656699040 79.155
1656699040 79.155
1656699041 79.155
1656699041 79.155
1656699041 79.155
1656699042 79.155
1656699042 79.155
1656699042 79.155
1656699042 79.155
1656699043 79.155
1656699043 79.155
1656699043 79.155
1656699044 79.155
1656699044 79.155
1656699044 79.155