1656697635 101.089
1656697635 101.089
1656697636 101.089
1656697636 101.089
1656697636 101.089
1656697636 101.089
1656697637 101.089
1656697637 101.089
1656697637 101.089
1656697638 101.089
1656697638 101.089
1656697638 101.089
1656697639 101.089
1656697639 101.089
1656697639 101.089
1656697639 101.089
1656697640 101.089
1656697640 101.089
1656697640 101.089
1656697641 101.089
1656697641 101.089
1656697641 101.089
1656697641 101.089
1656697642 101.089
1656697642 101.089
1656697642 101.089
1656697642 101.089
1656697643 101.089
1656697643 101.089
1656697643 101.089
1656697644 101.089
1656697644 101.089
1656697644 101.089
1656697645 101.089
1656697645 101.089
1656697645 101.089
1656697646 101.089
1656697646 101.089
1656697646 101.089
1656697646 101.089
1656697647 101.089
1656697647 101.089
1656697647 101.089
1656697648 101.089
1656697648 101.089
1656697649 101.089
1656697649 101.089
1656697649 101.089
1656697650 101.089
1656697650 101.089
1656697651 101.089
1656697651 101.089
1656697651 101.089
1656697652 101.089
1656697652 101.089
1656697652 101.089
1656697652 101.089
1656697653 101.089
1656697653 101.089
1656697653 101.089
1656697654 101.089
1656697654 101.089
1656697654 101.089
1656697655 101.089
1656697655 101.089
1656697655 101.089
1656697656 101.089
1656697656 101.089
1656697656 101.089
1656697656 101.089
1656697657 101.089
1656697657 101.089
1656697657 101.089
1656697658 101.089
1656697658 101.089
1656697658 101.089
1656697660 101.089
1656697660 101.089
1656697660 101.089
1656697661 101.089
1656697661 101.089
1656697661 101.089
1656697661 101.089
1656697662 101.089
1656697662 101.089
1656697662 101.089
1656697663 101.089
1656697663 101.089
1656697663 101.089
1656697663 101.089
1656697664 101.089
1656697664 101.089
1656697664 101.089
1656697665 154.495
1656697665 154.495
1656697665 154.495
1656697665 154.495
1656697666 154.495
1656697666 154.495
1656697666 154.495
1656697667 154.495
1656697667 154.495
1656697667 154.495
1656697668 154.495
1656697668 154.495
1656697668 154.495
1656697668 154.495
1656697669 154.495
1656697669 154.495
1656697669 154.495
1656697670 154.495
1656697670 154.495
1656697670 154.495
1656697670 154.495
1656697671 154.495
1656697671 154.495
1656697671 154.495
1656697672 154.495
1656697672 154.495
1656697672 154.495
1656697673 154.495
1656697673 154.495
1656697673 154.495
1656697673 154.495
1656697674 154.495
1656697674 154.495
1656697674 154.495
1656697675 154.495
1656697675 154.495
1656697675 154.495
1656697675 154.495
1656697676 154.495
1656697676 154.495
1656697676 154.495
1656697677 154.495
1656697677 154.495
1656697678 154.495
1656697678 154.495
1656697679 154.495
1656697679 154.495
1656697679 154.495
1656697680 154.495
1656697680 154.495
1656697680 154.495
1656697681 154.495
1656697681 154.495
1656697681 154.495
1656697682 154.495
1656697682 154.495
1656697682 154.495
1656697682 154.495
1656697683 154.495
1656697683 154.495
1656697683 154.495
1656697684 154.495
1656697684 154.495
1656697684 154.495
1656697685 154.495
1656697685 154.495
1656697685 154.495
1656697685 154.495
1656697686 154.495
1656697686 154.495
1656697686 154.495
1656697687 154.495
1656697687 154.495
1656697687 154.495
1656697687 154.495
1656697688 154.495
1656697688 154.495
1656697688 154.495
1656697689 154.495
1656697689 154.495
1656697689 154.495
1656697689 154.495
1656697690 154.495
1656697690 154.495
1656697690 154.495
1656697691 154.495
1656697691 154.495
1656697691 154.495
1656697691 154.495
1656697692 154.495
1656697692 154.495
1656697692 154.495
1656697693 154.495
1656697693 154.495
1656697693 154.495
1656697693 154.495
1656697694 154.495
1656697694 154.495
1656697694 154.495
1656697694 128.746
1656697695 128.746
1656697695 128.746
1656697695 128.746
1656697696 128.746
1656697696 128.746
1656697696 128.746
1656697697 128.746
1656697697 128.746
1656697697 128.746
1656697697 128.746
1656697698 128.746
1656697698 128.746
1656697698 128.746
1656697699 128.746
1656697699 128.746
1656697699 128.746
1656697699 128.746
1656697700 128.746
1656697700 128.746
1656697700 128.746
1656697701 128.746
1656697701 128.746
1656697701 128.746
1656697702 128.746
1656697702 128.746
1656697702 128.746
1656697702 128.746
1656697703 128.746
1656697703 128.746
1656697703 128.746
1656697704 128.746
1656697704 128.746
1656697704 128.746
1656697704 128.746
1656697705 128.746
1656697705 128.746
1656697705 128.746
1656697706 128.746
1656697706 128.746
1656697706 128.746
1656697706 128.746
1656697707 128.746
1656697707 128.746
1656697707 128.746
1656697708 128.746
1656697708 128.746
1656697709 128.746
1656697709 128.746
1656697709 128.746
1656697710 128.746
1656697710 128.746
1656697710 128.746
1656697710 128.746
1656697711 128.746
1656697711 128.746
1656697711 128.746
1656697712 128.746
1656697712 128.746
1656697712 128.746
1656697712 128.746
1656697713 128.746
1656697713 128.746
1656697713 128.746
1656697714 128.746
1656697714 128.746
1656697714 128.746
1656697714 128.746
1656697715 128.746
1656697715 128.746
1656697715 128.746
1656697716 128.746
1656697716 128.746
1656697716 128.746
1656697717 128.746
1656697717 128.746
1656697717 128.746
1656697717 128.746
1656697718 128.746
1656697718 128.746
1656697718 128.746
1656697719 128.746
1656697719 128.746
1656697719 128.746
1656697719 128.746
1656697720 128.746
1656697720 128.746
1656697720 128.746
1656697720 128.746
1656697721 128.746
1656697721 128.746
1656697721 128.746
1656697722 128.746
1656697722 128.746
1656697722 128.746
1656697722 128.746
1656697723 128.746
1656697723 128.746
1656697723 128.746
1656697724 128.746
1656697724 128.746
1656697724 128.746
1656697724 168.800
1656697725 168.800
1656697725 168.800
1656697725 168.800
1656697726 168.800
1656697726 168.800
1656697726 168.800
1656697727 168.800
1656697727 168.800
1656697727 168.800
1656697727 168.800
1656697728 168.800
1656697728 168.800
1656697728 168.800
1656697728 168.800
1656697729 168.800
1656697729 168.800
1656697729 168.800
1656697730 168.800
1656697730 168.800
1656697730 168.800
1656697730 168.800
1656697731 168.800
1656697731 168.800
1656697731 168.800
1656697732 168.800
1656697732 168.800
1656697732 168.800
1656697732 168.800
1656697733 168.800
1656697733 168.800
1656697733 168.800
1656697734 168.800
1656697734 168.800
1656697734 168.800
1656697735 168.800
1656697735 168.800
1656697735 168.800
1656697736 168.800
1656697736 168.800
1656697736 168.800
1656697737 168.800
1656697737 168.800
1656697737 168.800
1656697737 168.800
1656697738 168.800
1656697738 168.800
1656697738 168.800
1656697739 168.800
1656697739 168.800
1656697739 168.800
1656697739 168.800
1656697740 168.800
1656697740 168.800
1656697740 168.800
1656697741 168.800
1656697741 168.800
1656697741 168.800
1656697741 168.800
1656697742 168.800
1656697742 168.800
1656697742 168.800
1656697742 168.800
1656697743 168.800
1656697743 168.800
1656697743 168.800
1656697743 168.800
1656697744 168.800
1656697744 168.800
1656697744 168.800
1656697744 168.800
1656697745 168.800
1656697745 168.800
1656697745 168.800
1656697746 168.800
1656697746 168.800
1656697747 168.800
1656697747 168.800
1656697748 168.800
1656697748 168.800
1656697748 168.800
1656697749 168.800
1656697749 168.800
1656697749 168.800
1656697749 168.800
1656697750 168.800
1656697750 168.800
1656697750 168.800
1656697751 168.800
1656697751 168.800
1656697751 168.800
1656697751 168.800
1656697752 168.800
1656697752 168.800
1656697752 168.800
1656697753 168.800
1656697753 168.800
1656697753 168.800
1656697753 168.800
1656697754 168.800
1656697754 168.800
1656697754 168.800
1656697755 196.457
1656697755 196.457
1656697755 196.457
1656697755 196.457
1656697756 196.457
1656697756 196.457
1656697756 196.457
1656697756 196.457
1656697757 196.457
1656697757 196.457
1656697758 196.457
1656697758 196.457
1656697758 196.457
1656697758 196.457
1656697759 196.457
1656697759 196.457
1656697759 196.457
1656697759 196.457
1656697760 196.457
1656697760 196.457
1656697760 196.457
1656697760 196.457
1656697761 196.457
1656697761 196.457
1656697761 196.457
1656697762 196.457
1656697762 196.457
1656697762 196.457
1656697762 196.457
1656697763 196.457
1656697763 196.457
1656697763 196.457
1656697764 196.457
1656697764 196.457
1656697764 196.457
1656697764 196.457
1656697765 196.457
1656697765 196.457
1656697765 196.457
1656697766 196.457
1656697766 196.457
1656697766 196.457
1656697766 196.457
1656697767 196.457
1656697767 196.457
1656697767 196.457
1656697768 196.457
1656697768 196.457
1656697768 196.457
1656697769 196.457
1656697769 196.457
1656697769 196.457
1656697769 196.457
1656697770 196.457
1656697770 196.457
1656697771 196.457
1656697771 196.457
1656697771 196.457
1656697772 196.457
1656697772 196.457
1656697772 196.457
1656697772 196.457
1656697773 196.457
1656697773 196.457
1656697773 196.457
1656697774 196.457
1656697774 196.457
1656697774 196.457
1656697774 196.457
1656697775 196.457
1656697775 196.457
1656697775 196.457
1656697776 196.457
1656697776 196.457
1656697776 196.457
1656697776 196.457
1656697777 196.457
1656697777 196.457
1656697777 196.457
1656697778 196.457
1656697778 196.457
1656697778 196.457
1656697778 196.457
1656697779 196.457
1656697779 196.457
1656697779 196.457
1656697779 196.457
1656697780 196.457
1656697780 196.457
1656697780 196.457
1656697781 196.457
1656697781 196.457
1656697781 196.457
1656697781 196.457
1656697782 196.457
1656697782 196.457
1656697782 196.457
1656697782 196.457
1656697783 196.457
1656697783 196.457
1656697783 196.457
1656697784 196.457
1656697784 196.457
1656697784 196.457
1656697784 196.457
1656697785 186.920
1656697785 186.920
1656697785 186.920
1656697786 186.920
1656697786 186.920
1656697786 186.920
1656697787 186.920
1656697787 186.920
1656697787 186.920
1656697787 186.920
1656697788 186.920
1656697788 186.920
1656697788 186.920
1656697789 186.920
1656697789 186.920
1656697789 186.920
1656697789 186.920
1656697790 186.920
1656697790 186.920
1656697790 186.920
1656697791 186.920
1656697791 186.920
1656697791 186.920
1656697791 186.920
1656697792 186.920
1656697792 186.920
1656697792 186.920
1656697793 186.920
1656697793 186.920
1656697793 186.920
1656697794 186.920
1656697794 186.920
1656697794 186.920
1656697794 186.920
1656697795 186.920
1656697795 186.920
1656697795 186.920
1656697796 186.920
1656697796 186.920
1656697796 186.920
1656697796 186.920
1656697797 186.920
1656697797 186.920
1656697797 186.920
1656697798 186.920
1656697798 186.920
1656697798 186.920
1656697799 186.920
1656697799 186.920
1656697800 186.920
1656697800 186.920
1656697800 186.920
1656697801 186.920
1656697801 186.920
1656697801 186.920
1656697802 186.920
1656697802 186.920
1656697802 186.920
1656697802 186.920
1656697803 186.920
1656697803 186.920
1656697803 186.920
1656697804 186.920
1656697804 186.920
1656697804 186.920
1656697804 186.920
1656697805 186.920
1656697805 186.920
1656697805 186.920
1656697806 186.920
1656697806 186.920
1656697806 186.920
1656697806 186.920
1656697807 186.920
1656697807 186.920
1656697807 186.920
1656697808 186.920
1656697808 186.920
1656697808 186.920
1656697808 186.920
1656697809 186.920
1656697809 186.920
1656697809 186.920
1656697810 186.920
1656697810 186.920
1656697810 186.920
1656697810 186.920
1656697811 186.920
1656697811 186.920
1656697811 186.920
1656697812 186.920
1656697812 186.920
1656697812 186.920
1656697812 186.920
1656697813 186.920
1656697813 186.920
1656697813 186.920
1656697814 186.920
1656697814 186.920
1656697814 186.920
1656697814 191.689
1656697815 191.689
1656697815 191.689
1656697815 191.689
1656697815 191.689
1656697816 191.689
1656697816 191.689
1656697816 191.689
1656697817 191.689
1656697817 191.689
1656697817 191.689
1656697817 191.689
1656697818 191.689
1656697818 191.689
1656697818 191.689
1656697818 191.689
1656697819 191.689
1656697819 191.689
1656697819 191.689
1656697820 191.689
1656697820 191.689
1656697820 191.689
1656697820 191.689
1656697821 191.689
1656697821 191.689
1656697821 191.689
1656697821 191.689
1656697822 191.689
1656697822 191.689
1656697822 191.689
1656697823 191.689
1656697823 191.689
1656697823 191.689
1656697823 191.689
1656697824 191.689
1656697824 191.689
1656697824 191.689
1656697825 191.689
1656697825 191.689
1656697825 191.689
1656697826 191.689
1656697826 191.689
1656697826 191.689
1656697827 191.689
1656697827 191.689
1656697827 191.689
1656697827 191.689
1656697828 191.689
1656697828 191.689
1656697829 191.689
1656697829 191.689
1656697829 191.689
1656697830 191.689
1656697830 191.689
1656697830 191.689
1656697831 191.689
1656697831 191.689
1656697831 191.689
1656697831 191.689
1656697832 191.689
1656697832 191.689
1656697832 191.689
1656697833 191.689
1656697833 191.689
1656697833 191.689
1656697834 191.689
1656697834 191.689
1656697834 191.689
1656697835 191.689
1656697835 191.689
1656697836 191.689
1656697837 191.689
1656697837 191.689
1656697837 191.689
1656697838 191.689
1656697838 191.689
1656697838 191.689
1656697838 191.689
1656697839 191.689
1656697839 191.689
1656697839 191.689
1656697839 191.689
1656697840 191.689
1656697840 191.689
1656697840 191.689
1656697841 191.689
1656697841 191.689
1656697841 191.689
1656697841 191.689
1656697842 191.689
1656697842 191.689
1656697842 191.689
1656697842 191.689
1656697843 191.689
1656697843 191.689
1656697843 191.689
1656697844 191.689
1656697844 191.689
1656697844 191.689
1656697844 191.689
1656697845 165.939
1656697845 165.939
1656697845 165.939
1656697846 165.939
1656697846 165.939
1656697846 165.939
1656697846 165.939
1656697847 165.939
1656697847 165.939
1656697847 165.939
1656697848 165.939
1656697848 165.939
1656697848 165.939
1656697849 165.939
1656697849 165.939
1656697849 165.939
1656697849 165.939
1656697850 165.939
1656697850 165.939
1656697850 165.939
1656697850 165.939
1656697851 165.939
1656697851 165.939
1656697851 165.939
1656697852 165.939
1656697852 165.939
1656697852 165.939
1656697852 165.939
1656697853 165.939
1656697853 165.939
1656697853 165.939
1656697854 165.939
1656697854 165.939
1656697854 165.939
1656697854 165.939
1656697855 165.939
1656697855 165.939
1656697855 165.939
1656697856 165.939
1656697856 165.939
1656697856 165.939
1656697856 165.939
1656697857 165.939
1656697857 165.939
1656697857 165.939
1656697858 165.939
1656697858 165.939
1656697859 165.939
1656697859 165.939
1656697859 165.939
1656697859 165.939
1656697860 165.939
1656697860 165.939
1656697860 165.939
1656697861 165.939
1656697861 165.939
1656697861 165.939
1656697862 165.939
1656697862 165.939
1656697862 165.939
1656697862 165.939
1656697863 165.939
1656697863 165.939
1656697863 165.939
1656697864 165.939
1656697864 165.939
1656697864 165.939
1656697864 165.939
1656697865 165.939
1656697865 165.939
1656697865 165.939
1656697866 165.939
1656697866 165.939
1656697866 165.939
1656697866 165.939
1656697867 165.939
1656697867 165.939
1656697867 165.939
1656697868 165.939
1656697868 165.939
1656697868 165.939
1656697869 165.939
1656697869 165.939
1656697869 165.939
1656697869 165.939
1656697870 165.939
1656697870 165.939
1656697870 165.939
1656697871 165.939
1656697871 165.939
1656697871 165.939
1656697871 165.939
1656697872 165.939
1656697872 165.939
1656697872 165.939
1656697873 165.939
1656697873 165.939
1656697873 165.939
1656697873 165.939
1656697874 165.939
1656697874 165.939
1656697874 165.939
1656697875 165.939
1656697875 165.939
1656697875 178.337
1656697875 178.337
1656697876 178.337
1656697876 178.337
1656697876 178.337
1656697877 178.337
1656697877 178.337
1656697877 178.337
1656697878 178.337
1656697878 178.337
1656697878 178.337
1656697878 178.337
1656697879 178.337
1656697879 178.337
1656697879 178.337
1656697880 178.337
1656697880 178.337
1656697880 178.337
1656697880 178.337
1656697881 178.337
1656697881 178.337
1656697881 178.337
1656697882 178.337
1656697882 178.337
1656697882 178.337
1656697882 178.337
1656697883 178.337
1656697883 178.337
1656697884 178.337
1656697884 178.337
1656697884 178.337
1656697884 178.337
1656697885 178.337
1656697885 178.337
1656697885 178.337
1656697886 178.337
1656697886 178.337
1656697886 178.337
1656697886 178.337
1656697887 178.337
1656697887 178.337
1656697887 178.337
1656697888 178.337
1656697888 178.337
1656697888 178.337
1656697888 178.337
1656697889 178.337
1656697889 178.337
1656697889 178.337
1656697890 178.337
1656697890 178.337
1656697890 178.337
1656697891 178.337
1656697891 178.337
1656697891 178.337
1656697891 178.337
1656697892 178.337
1656697892 178.337
1656697892 178.337
1656697893 178.337
1656697893 178.337
1656697893 178.337
1656697893 178.337
1656697894 178.337
1656697894 178.337
1656697894 178.337
1656697895 178.337
1656697895 178.337
1656697895 178.337
1656697895 178.337
1656697896 178.337
1656697896 178.337
1656697896 178.337
1656697896 178.337
1656697897 178.337
1656697897 178.337
1656697897 178.337
1656697898 178.337
1656697898 178.337
1656697898 178.337
1656697898 178.337
1656697899 178.337
1656697899 178.337
1656697899 178.337
1656697900 178.337
1656697900 178.337
1656697900 178.337
1656697901 178.337
1656697901 178.337
1656697901 178.337
1656697902 178.337
1656697902 178.337
1656697902 178.337
1656697903 178.337
1656697903 178.337
1656697903 178.337
1656697904 178.337
1656697904 178.337
1656697904 178.337
1656697904 178.337
1656697905 170.708
1656697920 170.708