1657138896 87.738
1657138897 87.738
1657138897 87.738
1657138897 87.738
1657138898 87.738
1657138898 87.738
1657138899 87.738
1657138899 87.738
1657138900 87.738
1657138900 87.738
1657138900 87.738
1657138901 87.738
1657138901 87.738
1657138901 87.738
1657138902 87.738
1657138902 87.738
1657138902 87.738
1657138903 87.738
1657138903 87.738
1657138903 87.738
1657138904 87.738
1657138904 87.738
1657138904 87.738
1657138905 87.738
1657138905 87.738
1657138905 87.738
1657138906 87.738
1657138906 87.738
1657138906 87.738
1657138907 87.738
1657138907 87.738
1657138907 87.738
1657138908 87.738
1657138908 87.738
1657138908 87.738
1657138909 87.738
1657138909 87.738
1657138909 87.738
1657138910 87.738
1657138911 87.738
1657138911 87.738
1657138911 87.738
1657138912 87.738
1657138912 87.738
1657138912 87.738
1657138913 87.738
1657138913 87.738
1657138913 87.738
1657138914 87.738
1657138914 87.738
1657138914 87.738
1657138915 87.738
1657138915 87.738
1657138915 87.738
1657138916 87.738
1657138916 87.738
1657138916 87.738
1657138917 87.738
1657138917 87.738
1657138917 87.738
1657138918 87.738
1657138918 87.738
1657138919 87.738
1657138919 87.738
1657138919 87.738
1657138920 87.738
1657138920 87.738
1657138920 87.738
1657138921 87.738
1657138921 87.738
1657138922 87.738
1657138922 87.738
1657138922 87.738
1657138923 87.738
1657138923 87.738
1657138924 87.738
1657138924 87.738
1657138924 87.738
1657138925 87.738
1657138925 87.738
1657138925 87.738
1657138926 87.738
1657138926 87.738
1657138926 87.738
1657138927 86.784
1657138927 86.784
1657138927 86.784
1657138928 86.784
1657138928 86.784
1657138928 86.784
1657138929 86.784
1657138929 86.784
1657138929 86.784
1657138930 86.784
1657138930 86.784
1657138930 86.784
1657138931 86.784
1657138931 86.784
1657138932 86.784
1657138932 86.784
1657138933 86.784
1657138933 86.784
1657138934 86.784
1657138935 86.784
1657138935 86.784
1657138936 86.784
1657138936 86.784
1657138936 86.784
1657138937 86.784
1657138937 86.784
1657138937 86.784
1657138938 86.784
1657138938 86.784
1657138938 86.784
1657138939 86.784
1657138939 86.784
1657138939 86.784
1657138940 86.784
1657138940 86.784
1657138940 86.784
1657138941 86.784
1657138941 86.784
1657138941 86.784
1657138942 86.784
1657138942 86.784
1657138942 86.784
1657138943 86.784
1657138943 86.784
1657138943 86.784
1657138944 86.784
1657138944 86.784
1657138944 86.784
1657138945 86.784
1657138945 86.784
1657138945 86.784
1657138946 86.784
1657138947 86.784
1657138947 86.784
1657138947 86.784
1657138948 86.784
1657138948 86.784
1657138949 86.784
1657138949 86.784
1657138949 86.784
1657138950 86.784
1657138950 86.784
1657138950 86.784
1657138951 86.784
1657138951 86.784
1657138952 86.784
1657138952 86.784
1657138952 86.784
1657138953 86.784
1657138953 86.784
1657138953 86.784
1657138954 86.784
1657138954 86.784
1657138954 86.784
1657138955 86.784
1657138955 86.784
1657138955 86.784
1657138956 86.784
1657138956 86.784
1657138956 86.784
1657138957 85.831
1657138957 85.831
1657138957 85.831
1657138958 85.831
1657138959 85.831
1657138959 85.831
1657138960 85.831
1657138960 85.831
1657138960 85.831
1657138961 85.831
1657138961 85.831
1657138961 85.831
1657138962 85.831
1657138962 85.831
1657138962 85.831
1657138963 85.831
1657138963 85.831
1657138963 85.831
1657138964 85.831
1657138964 85.831
1657138964 85.831
1657138965 85.831
1657138965 85.831
1657138966 85.831
1657138966 85.831
1657138966 85.831
1657138967 85.831
1657138967 85.831
1657138967 85.831
1657138968 85.831
1657138968 85.831
1657138968 85.831
1657138969 85.831
1657138969 85.831
1657138969 85.831
1657138970 85.831
1657138971 85.831
1657138971 85.831
1657138972 85.831
1657138972 85.831
1657138972 85.831
1657138973 85.831
1657138973 85.831
1657138973 85.831
1657138974 85.831
1657138974 85.831
1657138974 85.831
1657138975 85.831
1657138975 85.831
1657138975 85.831
1657138976 85.831
1657138976 85.831
1657138977 85.831
1657138977 85.831
1657138977 85.831
1657138978 85.831
1657138978 85.831
1657138978 85.831
1657138979 85.831
1657138979 85.831
1657138980 85.831
1657138980 85.831
1657138980 85.831
1657138981 85.831
1657138981 85.831
1657138982 85.831
1657138982 85.831
1657138983 85.831
1657138983 85.831
1657138984 85.831
1657138984 85.831
1657138984 85.831
1657138985 85.831
1657138985 85.831
1657138985 85.831
1657138986 85.831
1657138986 85.831
1657138986 94.414
1657138987 94.414
1657138987 94.414
1657138987 94.414
1657138988 94.414
1657138988 94.414
1657138988 94.414
1657138989 94.414
1657138989 94.414
1657138989 94.414
1657138990 94.414
1657138990 94.414
1657138990 94.414
1657138991 94.414
1657138991 94.414
1657138992 94.414
1657138992 94.414
1657138992 94.414
1657138993 94.414
1657138993 94.414
1657138993 94.414
1657138994 94.414
1657138994 94.414
1657138995 94.414
1657138996 94.414
1657138996 94.414
1657138997 94.414
1657138997 94.414
1657138998 94.414
1657138998 94.414
1657138999 94.414
1657138999 94.414
1657138999 94.414
1657139000 94.414
1657139000 94.414
1657139000 94.414
1657139001 94.414
1657139001 94.414
1657139001 94.414
1657139002 94.414
1657139002 94.414
1657139002 94.414
1657139003 94.414
1657139003 94.414
1657139003 94.414
1657139004 94.414
1657139004 94.414
1657139004 94.414
1657139005 94.414
1657139005 94.414
1657139005 94.414
1657139006 94.414
1657139006 94.414
1657139006 94.414
1657139007 94.414
1657139007 94.414
1657139008 94.414
1657139009 94.414
1657139009 94.414
1657139009 94.414
1657139010 94.414
1657139010 94.414
1657139010 94.414
1657139011 94.414
1657139011 94.414
1657139011 94.414
1657139012 94.414
1657139012 94.414
1657139012 94.414
1657139013 94.414
1657139013 94.414
1657139013 94.414
1657139014 94.414
1657139014 94.414
1657139014 94.414
1657139015 94.414
1657139015 94.414
1657139015 94.414
1657139016 94.414
1657139016 94.414
1657139016 94.414
1657139017 86.784
1657139017 86.784
1657139017 86.784
1657139018 86.784
1657139018 86.784
1657139018 86.784
1657139019 86.784
1657139019 86.784
1657139019 86.784
1657139020 86.784
1657139021 86.784
1657139021 86.784
1657139021 86.784
1657139022 86.784
1657139022 86.784
1657139022 86.784
1657139023 86.784
1657139023 86.784
1657139023 86.784
1657139024 86.784
1657139024 86.784
1657139024 86.784
1657139025 86.784
1657139025 86.784
1657139025 86.784
1657139026 86.784
1657139026 86.784
1657139026 86.784
1657139027 86.784
1657139027 86.784
1657139028 86.784
1657139028 86.784
1657139028 86.784
1657139029 86.784
1657139029 86.784
1657139029 86.784
1657139030 86.784
1657139030 86.784
1657139030 86.784
1657139031 86.784
1657139031 86.784
1657139031 86.784
1657139032 86.784
1657139032 86.784
1657139033 86.784
1657139033 86.784
1657139034 86.784
1657139034 86.784
1657139035 86.784
1657139035 86.784
1657139035 86.784
1657139036 86.784
1657139036 86.784
1657139036 86.784
1657139037 86.784
1657139037 86.784
1657139037 86.784
1657139038 86.784
1657139038 86.784
1657139039 86.784
1657139039 86.784
1657139039 86.784
1657139040 86.784
1657139040 86.784
1657139040 86.784
1657139041 86.784
1657139041 86.784
1657139041 86.784
1657139042 86.784
1657139042 86.784
1657139042 86.784
1657139043 86.784
1657139043 86.784
1657139044 86.784
1657139044 86.784
1657139045 86.784
1657139045 86.784
1657139046 86.784
1657139046 86.784
1657139046 86.784
1657139047 95.367
1657139047 95.367
1657139047 95.367
1657139048 95.367
1657139048 95.367
1657139048 95.367
1657139049 95.367
1657139049 95.367
1657139049 95.367
1657139050 95.367
1657139050 95.367
1657139050 95.367
1657139051 95.367
1657139051 95.367
1657139052 95.367
1657139052 95.367
1657139052 95.367
1657139053 95.367
1657139053 95.367
1657139053 95.367
1657139054 95.367
1657139054 95.367
1657139054 95.367
1657139055 95.367
1657139055 95.367
1657139055 95.367
1657139056 95.367
1657139056 95.367
1657139057 95.367
1657139058 95.367
1657139058 95.367
1657139059 95.367
1657139059 95.367
1657139060 95.367
1657139060 95.367
1657139060 95.367
1657139061 95.367
1657139061 95.367
1657139062 95.367
1657139062 95.367
1657139062 95.367
1657139062 95.367
1657139063 95.367
1657139063 95.367
1657139064 95.367
1657139064 95.367
1657139064 95.367
1657139065 95.367
1657139065 95.367
1657139065 95.367
1657139066 95.367
1657139066 95.367
1657139066 95.367
1657139067 95.367
1657139067 95.367
1657139068 95.367
1657139068 95.367
1657139068 95.367
1657139069 95.367
1657139069 95.367
1657139069 95.367
1657139070 95.367
1657139071 95.367
1657139071 95.367
1657139072 95.367
1657139072 95.367
1657139072 95.367
1657139073 95.367
1657139073 95.367
1657139073 95.367
1657139074 95.367
1657139074 95.367
1657139074 95.367
1657139075 95.367
1657139075 95.367
1657139075 95.367
1657139076 95.367
1657139076 95.367
1657139076 84.877
1657139077 84.877
1657139077 84.877
1657139077 84.877
1657139078 84.877
1657139078 84.877
1657139078 84.877
1657139079 84.877
1657139079 84.877
1657139079 84.877
1657139080 84.877
1657139080 84.877
1657139081 84.877
1657139081 84.877
1657139081 84.877
1657139082 84.877
1657139083 84.877
1657139083 84.877
1657139083 84.877
1657139084 84.877
1657139084 84.877
1657139084 84.877
1657139085 84.877
1657139085 84.877
1657139085 84.877
1657139086 84.877
1657139086 84.877
1657139086 84.877
1657139087 84.877
1657139087 84.877
1657139088 84.877
1657139088 84.877
1657139088 84.877
1657139089 84.877
1657139089 84.877
1657139089 84.877
1657139090 84.877
1657139090 84.877
1657139090 84.877
1657139091 84.877
1657139091 84.877
1657139091 84.877
1657139092 84.877
1657139092 84.877
1657139092 84.877
1657139093 84.877
1657139094 84.877
1657139094 84.877
1657139094 84.877
1657139095 84.877
1657139095 84.877
1657139095 84.877
1657139096 84.877
1657139096 84.877
1657139096 84.877
1657139097 84.877
1657139097 84.877
1657139098 84.877
1657139098 84.877
1657139099 84.877
1657139099 84.877
1657139099 84.877
1657139100 84.877
1657139100 84.877
1657139100 84.877
1657139101 84.877
1657139101 84.877
1657139101 84.877
1657139102 84.877
1657139102 84.877
1657139102 84.877
1657139103 84.877
1657139103 84.877
1657139104 84.877
1657139104 84.877
1657139105 84.877
1657139105 84.877
1657139105 84.877
1657139106 84.877
1657139106 84.877
1657139106 97.275
1657139107 97.275
1657139107 97.275
1657139107 97.275
1657139108 97.275
1657139108 97.275
1657139109 97.275
1657139109 97.275
1657139109 97.275
1657139110 97.275
1657139110 97.275
1657139110 97.275
1657139111 97.275
1657139111 97.275
1657139111 97.275
1657139112 97.275
1657139112 97.275
1657139112 97.275
1657139113 97.275
1657139113 97.275
1657139113 97.275
1657139114 97.275
1657139114 97.275
1657139114 97.275
1657139115 97.275
1657139116 97.275
1657139116 97.275
1657139117 97.275
1657139117 97.275
1657139118 97.275
1657139118 97.275
1657139119 97.275
1657139119 97.275
1657139119 97.275
1657139120 97.275
1657139120 97.275
1657139120 97.275
1657139121 97.275
1657139121 97.275
1657139121 97.275
1657139122 97.275
1657139122 97.275
1657139122 97.275
1657139123 97.275
1657139123 97.275
1657139123 97.275
1657139124 97.275
1657139124 97.275
1657139124 97.275
1657139125 97.275
1657139125 97.275
1657139125 97.275
1657139126 97.275
1657139126 97.275
1657139126 97.275
1657139127 97.275
1657139127 97.275
1657139127 97.275
1657139128 97.275
1657139128 97.275
1657139129 97.275
1657139129 97.275
1657139130 97.275
1657139130 97.275
1657139131 97.275
1657139131 97.275
1657139131 97.275
1657139132 97.275
1657139132 97.275
1657139132 97.275
1657139133 97.275
1657139133 97.275
1657139133 97.275
1657139134 97.275
1657139134 97.275
1657139134 97.275
1657139135 97.275
1657139135 97.275
1657139135 97.275
1657139136 97.275
1657139136 97.275
1657139136 97.275
1657139137 107.765
1657139137 107.765
1657139137 107.765
1657139138 107.765
1657139138 107.765
1657139138 107.765
1657139139 107.765
1657139139 107.765
1657139139 107.765
1657139140 107.765
1657139140 107.765
1657139140 107.765
1657139141 107.765
1657139141 107.765
1657139142 107.765
1657139142 107.765
1657139143 107.765
1657139143 107.765
1657139143 107.765
1657139143 107.765
1657139144 107.765
1657139144 107.765
1657139145 107.765
1657139145 107.765
1657139145 107.765
1657139146 107.765
1657139146 107.765
1657139146 107.765
1657139147 107.765
1657139147 107.765
1657139147 107.765
1657139148 107.765
1657139148 107.765
1657139148 107.765
1657139149 107.765
1657139149 107.765
1657139149 107.765
1657139150 107.765
1657139150 107.765
1657139150 107.765
1657139151 107.765
1657139151 107.765
1657139151 107.765
1657139152 107.765
1657139152 107.765
1657139152 107.765
1657139153 107.765
1657139153 107.765
1657139154 107.765
1657139154 107.765
1657139154 107.765
1657139155 107.765
1657139155 107.765
1657139156 107.765
1657139156 107.765
1657139156 107.765
1657139157 107.765
1657139157 107.765
1657139157 107.765
1657139158 107.765
1657139158 107.765
1657139158 107.765
1657139159 107.765
1657139159 107.765
1657139159 107.765
1657139160 107.765
1657139160 107.765
1657139160 107.765
1657139161 107.765
1657139161 107.765
1657139161 107.765
1657139162 107.765
1657139162 107.765
1657139162 107.765
1657139163 107.765
1657139163 107.765