1657136767 90.599
1657136767 90.599
1657136767 90.599
1657136768 90.599
1657136768 90.599
1657136768 90.599
1657136769 90.599
1657136769 90.599
1657136770 90.599
1657136770 90.599
1657136770 90.599
1657136771 90.599
1657136771 90.599
1657136771 90.599
1657136772 90.599
1657136772 90.599
1657136773 90.599
1657136773 90.599
1657136773 90.599
1657136774 90.599
1657136774 90.599
1657136774 90.599
1657136775 90.599
1657136775 90.599
1657136776 90.599
1657136776 90.599
1657136777 90.599
1657136778 90.599
1657136778 90.599
1657136779 90.599
1657136779 90.599
1657136779 90.599
1657136780 90.599
1657136780 90.599
1657136780 90.599
1657136781 90.599
1657136781 90.599
1657136782 90.599
1657136782 90.599
1657136782 90.599
1657136783 90.599
1657136783 90.599
1657136784 90.599
1657136784 90.599
1657136784 90.599
1657136785 90.599
1657136785 90.599
1657136785 90.599
1657136786 90.599
1657136786 90.599
1657136786 90.599
1657136787 90.599
1657136787 90.599
1657136787 90.599
1657136788 90.599
1657136788 90.599
1657136789 90.599
1657136789 90.599
1657136790 90.599
1657136790 90.599
1657136791 90.599
1657136791 90.599
1657136791 90.599
1657136792 90.599
1657136792 90.599
1657136792 90.599
1657136793 90.599
1657136793 90.599
1657136793 90.599
1657136794 90.599
1657136794 90.599
1657136794 90.599
1657136795 90.599
1657136795 90.599
1657136795 90.599
1657136796 90.599
1657136796 90.599
1657136797 128.746
1657136797 128.746
1657136800 128.746
1657136801 128.746
1657136802 128.746
1657136802 128.746
1657136803 128.746
1657136803 128.746
1657136803 128.746
1657136804 128.746
1657136804 128.746
1657136804 128.746
1657136805 128.746
1657136805 128.746
1657136805 128.746
1657136806 128.746
1657136806 128.746
1657136806 128.746
1657136807 128.746
1657136807 128.746
1657136807 128.746
1657136808 128.746
1657136808 128.746
1657136809 128.746
1657136809 128.746
1657136809 128.746
1657136810 128.746
1657136810 128.746
1657136810 128.746
1657136811 128.746
1657136811 128.746
1657136811 128.746
1657136812 128.746
1657136812 128.746
1657136812 128.746
1657136813 128.746
1657136814 128.746
1657136814 128.746
1657136814 128.746
1657136815 128.746
1657136815 128.746
1657136815 128.746
1657136816 128.746
1657136816 128.746
1657136816 128.746
1657136817 128.746
1657136817 128.746
1657136817 128.746
1657136818 128.746
1657136818 128.746
1657136819 128.746
1657136819 128.746
1657136819 128.746
1657136820 128.746
1657136820 128.746
1657136820 128.746
1657136821 128.746
1657136821 128.746
1657136822 128.746
1657136822 128.746
1657136822 128.746
1657136823 128.746
1657136823 128.746
1657136823 128.746
1657136824 128.746
1657136825 128.746
1657136825 128.746
1657136825 128.746
1657136826 128.746
1657136826 128.746
1657136826 128.746
1657136827 102.043
1657136827 102.043
1657136827 102.043
1657136828 102.043
1657136828 102.043
1657136828 102.043
1657136829 102.043
1657136829 102.043
1657136829 102.043
1657136830 102.043
1657136830 102.043
1657136830 102.043
1657136831 102.043
1657136831 102.043
1657136832 102.043
1657136832 102.043
1657136832 102.043
1657136833 102.043
1657136833 102.043
1657136833 102.043
1657136834 102.043
1657136834 102.043
1657136834 102.043
1657136835 102.043
1657136836 102.043
1657136836 102.043
1657136837 102.043
1657136837 102.043
1657136838 102.043
1657136838 102.043
1657136839 102.043
1657136839 102.043
1657136840 102.043
1657136840 102.043
1657136840 102.043
1657136841 102.043
1657136841 102.043
1657136841 102.043
1657136842 102.043
1657136842 102.043
1657136842 102.043
1657136843 102.043
1657136843 102.043
1657136843 102.043
1657136844 102.043
1657136844 102.043
1657136844 102.043
1657136845 102.043
1657136845 102.043
1657136845 102.043
1657136846 102.043
1657136846 102.043
1657136847 102.043
1657136847 102.043
1657136847 102.043
1657136848 102.043
1657136848 102.043
1657136849 102.043
1657136850 102.043
1657136850 102.043
1657136850 102.043
1657136851 102.043
1657136851 102.043
1657136851 102.043
1657136852 102.043
1657136852 102.043
1657136853 102.043
1657136853 102.043
1657136853 102.043
1657136854 102.043
1657136854 102.043
1657136854 102.043
1657136854 102.043
1657136855 102.043
1657136855 102.043
1657136856 102.043
1657136856 102.043
1657136856 102.043
1657136857 133.514
1657136857 133.514
1657136857 133.514
1657136857 133.514
1657136858 133.514
1657136858 133.514
1657136859 133.514
1657136859 133.514
1657136859 133.514
1657136860 133.514
1657136860 133.514
1657136861 133.514
1657136861 133.514
1657136862 133.514
1657136862 133.514
1657136862 133.514
1657136863 133.514
1657136863 133.514
1657136863 133.514
1657136864 133.514
1657136864 133.514
1657136864 133.514
1657136865 133.514
1657136865 133.514
1657136865 133.514
1657136866 133.514
1657136866 133.514
1657136866 133.514
1657136867 133.514
1657136867 133.514
1657136867 133.514
1657136868 133.514
1657136868 133.514
1657136868 133.514
1657136869 133.514
1657136869 133.514
1657136869 133.514
1657136870 133.514
1657136870 133.514
1657136871 133.514
1657136871 133.514
1657136871 133.514
1657136872 133.514
1657136872 133.514
1657136873 133.514
1657136873 133.514
1657136873 133.514
1657136874 133.514
1657136874 133.514
1657136875 133.514
1657136875 133.514
1657136875 133.514
1657136876 133.514
1657136876 133.514
1657136876 133.514
1657136877 133.514
1657136877 133.514
1657136877 133.514
1657136878 133.514
1657136878 133.514
1657136879 133.514
1657136879 133.514
1657136879 133.514
1657136880 133.514
1657136880 133.514
1657136880 133.514
1657136881 133.514
1657136881 133.514
1657136881 133.514
1657136882 133.514
1657136882 133.514
1657136882 133.514
1657136883 133.514
1657136884 133.514
1657136884 133.514
1657136884 133.514
1657136885 133.514
1657136885 133.514
1657136885 133.514
1657136886 133.514
1657136886 133.514
1657136886 133.514
1657136887 120.163
1657136887 120.163
1657136887 120.163
1657136888 120.163
1657136888 120.163
1657136888 120.163
1657136889 120.163
1657136889 120.163
1657136889 120.163
1657136890 120.163
1657136890 120.163
1657136890 120.163
1657136891 120.163
1657136891 120.163
1657136891 120.163
1657136892 120.163
1657136892 120.163
1657136892 120.163
1657136893 120.163
1657136893 120.163
1657136894 120.163
1657136894 120.163
1657136895 120.163
1657136895 120.163
1657136896 120.163
1657136897 120.163
1657136897 120.163
1657136898 120.163
1657136898 120.163
1657136898 120.163
1657136899 120.163
1657136899 120.163
1657136899 120.163
1657136900 120.163
1657136900 120.163
1657136900 120.163
1657136901 120.163
1657136901 120.163
1657136901 120.163
1657136902 120.163
1657136902 120.163
1657136903 120.163
1657136903 120.163
1657136903 120.163
1657136904 120.163
1657136904 120.163
1657136904 120.163
1657136905 120.163
1657136905 120.163
1657136905 120.163
1657136906 120.163
1657136906 120.163
1657136906 120.163
1657136907 120.163
1657136907 120.163
1657136908 120.163
1657136909 120.163
1657136909 120.163
1657136909 120.163
1657136910 120.163
1657136910 120.163
1657136911 120.163
1657136911 120.163
1657136911 120.163
1657136912 120.163
1657136912 120.163
1657136912 120.163
1657136913 120.163
1657136913 120.163
1657136913 120.163
1657136914 120.163
1657136914 120.163
1657136914 120.163
1657136915 120.163
1657136915 120.163
1657136916 120.163
1657136916 120.163
1657136916 120.163
1657136917 158.310
1657136917 158.310
1657136917 158.310
1657136918 158.310
1657136918 158.310
1657136918 158.310
1657136919 158.310
1657136919 158.310
1657136919 158.310
1657136920 158.310
1657136921 158.310
1657136921 158.310
1657136921 158.310
1657136922 158.310
1657136922 158.310
1657136922 158.310
1657136923 158.310
1657136923 158.310
1657136924 158.310
1657136924 158.310
1657136924 158.310
1657136925 158.310
1657136925 158.310
1657136925 158.310
1657136926 158.310
1657136926 158.310
1657136926 158.310
1657136927 158.310
1657136927 158.310
1657136927 158.310
1657136928 158.310
1657136928 158.310
1657136929 158.310
1657136929 158.310
1657136929 158.310
1657136930 158.310
1657136930 158.310
1657136930 158.310
1657136931 158.310
1657136931 158.310
1657136932 158.310
1657136932 158.310
1657136932 158.310
1657136933 158.310
1657136933 158.310
1657136933 158.310
1657136934 158.310
1657136934 158.310
1657136934 158.310
1657136935 158.310
1657136935 158.310
1657136935 158.310
1657136936 158.310
1657136936 158.310
1657136936 158.310
1657136937 158.310
1657136937 158.310
1657136937 158.310
1657136938 158.310
1657136938 158.310
1657136939 158.310
1657136939 158.310
1657136940 158.310
1657136940 158.310
1657136940 158.310
1657136941 158.310
1657136941 158.310
1657136941 158.310
1657136942 158.310
1657136942 158.310
1657136942 158.310
1657136943 158.310
1657136943 158.310
1657136944 158.310
1657136944 158.310
1657136945 158.310
1657136945 158.310
1657136945 158.310
1657136946 158.310
1657136946 158.310
1657136946 158.310
1657136947 137.329
1657136947 137.329
1657136947 137.329
1657136948 137.329
1657136948 137.329
1657136948 137.329
1657136949 137.329
1657136949 137.329
1657136949 137.329
1657136950 137.329
1657136950 137.329
1657136950 137.329
1657136951 137.329
1657136951 137.329
1657136952 137.329
1657136952 137.329
1657136952 137.329
1657136953 137.329
1657136953 137.329
1657136954 137.329
1657136954 137.329
1657136955 137.329
1657136955 137.329
1657136956 137.329
1657136957 137.329
1657136957 137.329
1657136958 137.329
1657136958 137.329
1657136958 137.329
1657136959 137.329
1657136959 137.329
1657136959 137.329
1657136960 137.329
1657136960 137.329
1657136960 137.329
1657136961 137.329
1657136961 137.329
1657136961 137.329
1657136962 137.329
1657136962 137.329
1657136962 137.329
1657136963 137.329
1657136963 137.329
1657136964 137.329
1657136964 137.329
1657136964 137.329
1657136965 137.329
1657136965 137.329
1657136965 137.329
1657136965 137.329
1657136966 137.329
1657136966 137.329
1657136967 137.329
1657136967 137.329
1657136968 137.329
1657136968 137.329
1657136969 137.329
1657136969 137.329
1657136970 137.329
1657136970 137.329
1657136970 137.329
1657136971 137.329
1657136971 137.329
1657136971 137.329
1657136972 137.329
1657136972 137.329
1657136972 137.329
1657136973 137.329
1657136973 137.329
1657136973 137.329
1657136974 137.329
1657136974 137.329
1657136975 137.329
1657136975 137.329
1657136975 137.329
1657136976 137.329
1657136976 137.329
1657136976 137.329
1657136977 160.217
1657136977 160.217
1657136977 160.217
1657136978 160.217
1657136978 160.217
1657136978 160.217
1657136979 160.217
1657136979 160.217
1657136980 160.217
1657136980 160.217
1657136981 160.217
1657136981 160.217
1657136981 160.217
1657136982 160.217
1657136982 160.217
1657136982 160.217
1657136983 160.217
1657136983 160.217
1657136983 160.217
1657136984 160.217
1657136984 160.217
1657136984 160.217
1657136985 160.217
1657136985 160.217
1657136985 160.217
1657136986 160.217
1657136986 160.217
1657136986 160.217
1657136987 160.217
1657136987 160.217
1657136987 160.217
1657136988 160.217
1657136988 160.217
1657136989 160.217
1657136989 160.217
1657136989 160.217
1657136990 160.217
1657136990 160.217
1657136990 160.217
1657136991 160.217
1657136991 160.217
1657136992 160.217
1657136992 160.217
1657136993 160.217
1657136993 160.217
1657136993 160.217
1657136994 160.217
1657136994 160.217
1657136994 160.217
1657136995 160.217
1657136995 160.217
1657136995 160.217
1657136996 160.217
1657136996 160.217
1657136996 160.217
1657136997 160.217
1657136997 160.217
1657136997 160.217
1657136998 160.217
1657136998 160.217
1657136998 160.217
1657136999 160.217
1657136999 160.217
1657137000 160.217
1657137000 160.217
1657137000 160.217
1657137001 160.217
1657137001 160.217
1657137001 160.217
1657137002 160.217
1657137002 160.217
1657137003 160.217
1657137004 160.217
1657137004 160.217
1657137004 160.217
1657137005 160.217
1657137005 160.217
1657137005 160.217
1657137006 160.217
1657137006 160.217
1657137006 160.217
1657137007 125.885
1657137007 125.885
1657137008 125.885
1657137008 125.885
1657137008 125.885
1657137009 125.885
1657137009 125.885
1657137009 125.885
1657137010 125.885
1657137010 125.885
1657137010 125.885
1657137011 125.885
1657137011 125.885
1657137011 125.885
1657137012 125.885
1657137012 125.885
1657137012 125.885
1657137013 125.885
1657137013 125.885
1657137013 125.885
1657137014 125.885
1657137014 125.885
1657137015 125.885
1657137016 125.885
1657137016 125.885
1657137017 125.885
1657137017 125.885
1657137018 125.885
1657137018 125.885
1657137018 125.885
1657137019 125.885