1657135716 89.645
1657135717 89.645
1657135718 89.645
1657135718 89.645
1657135719 89.645
1657135719 89.645
1657135719 89.645
1657135720 89.645
1657135720 89.645
1657135720 89.645
1657135721 89.645
1657135721 89.645
1657135722 89.645
1657135722 89.645
1657135722 89.645
1657135723 89.645
1657135723 89.645
1657135723 89.645
1657135724 89.645
1657135724 89.645
1657135724 89.645
1657135725 89.645
1657135725 89.645
1657135725 89.645
1657135726 89.645
1657135726 89.645
1657135726 89.645
1657135727 89.645
1657135727 89.645
1657135728 89.645
1657135728 89.645
1657135728 89.645
1657135729 89.645
1657135729 89.645
1657135730 89.645
1657135730 89.645
1657135730 89.645
1657135731 89.645
1657135731 89.645
1657135731 89.645
1657135732 89.645
1657135732 89.645
1657135732 89.645
1657135733 89.645
1657135733 89.645
1657135733 89.645
1657135734 89.645
1657135734 89.645
1657135734 89.645
1657135735 89.645
1657135735 89.645
1657135736 89.645
1657135736 89.645
1657135737 89.645
1657135737 89.645
1657135737 89.645
1657135738 89.645
1657135738 89.645
1657135738 89.645
1657135739 89.645
1657135739 89.645
1657135739 89.645
1657135740 89.645
1657135740 89.645
1657135740 89.645
1657135741 89.645
1657135741 89.645
1657135742 89.645
1657135743 89.645
1657135744 89.645
1657135744 89.645
1657135745 89.645
1657135745 89.645
1657135745 89.645
1657135746 89.645
1657135746 89.645
1657135746 89.645
1657135747 95.367
1657135747 95.367
1657135747 95.367
1657135748 95.367
1657135748 95.367
1657135748 95.367
1657135749 95.367
1657135749 95.367
1657135749 95.367
1657135750 95.367
1657135750 95.367
1657135750 95.367
1657135751 95.367
1657135751 95.367
1657135752 95.367
1657135752 95.367
1657135753 95.367
1657135753 95.367
1657135753 95.367
1657135754 95.367
1657135754 95.367
1657135755 95.367
1657135755 95.367
1657135756 95.367
1657135756 95.367
1657135756 95.367
1657135757 95.367
1657135757 95.367
1657135757 95.367
1657135758 95.367
1657135758 95.367
1657135759 95.367
1657135759 95.367
1657135759 95.367
1657135760 95.367
1657135760 95.367
1657135760 95.367
1657135761 95.367
1657135761 95.367
1657135761 95.367
1657135762 95.367
1657135762 95.367
1657135762 95.367
1657135763 95.367
1657135763 95.367
1657135763 95.367
1657135764 95.367
1657135764 95.367
1657135764 95.367
1657135765 95.367
1657135765 95.367
1657135766 95.367
1657135766 95.367
1657135767 95.367
1657135767 95.367
1657135768 95.367
1657135768 95.367
1657135768 95.367
1657135769 95.367
1657135769 95.367
1657135769 95.367
1657135770 95.367
1657135770 95.367
1657135770 95.367
1657135771 95.367
1657135771 95.367
1657135772 95.367
1657135772 95.367
1657135772 95.367
1657135773 95.367
1657135773 95.367
1657135773 95.367
1657135774 95.367
1657135774 95.367
1657135774 95.367
1657135775 95.367
1657135775 95.367
1657135775 95.367
1657135776 95.367
1657135776 95.367
1657135776 95.367
1657135777 90.599
1657135777 90.599
1657135778 90.599
1657135778 90.599
1657135779 90.599
1657135779 90.599
1657135779 90.599
1657135780 90.599
1657135780 90.599
1657135780 90.599
1657135781 90.599
1657135781 90.599
1657135782 90.599
1657135782 90.599
1657135782 90.599
1657135783 90.599
1657135783 90.599
1657135783 90.599
1657135784 90.599
1657135784 90.599
1657135785 90.599
1657135785 90.599
1657135785 90.599
1657135786 90.599
1657135786 90.599
1657135786 90.599
1657135787 90.599
1657135787 90.599
1657135787 90.599
1657135788 90.599
1657135788 90.599
1657135788 90.599
1657135789 90.599
1657135790 90.599
1657135790 90.599
1657135791 90.599
1657135791 90.599
1657135791 90.599
1657135792 90.599
1657135792 90.599
1657135792 90.599
1657135793 90.599
1657135793 90.599
1657135793 90.599
1657135794 90.599
1657135794 90.599
1657135794 90.599
1657135795 90.599
1657135795 90.599
1657135795 90.599
1657135796 90.599
1657135796 90.599
1657135796 90.599
1657135797 90.599
1657135797 90.599
1657135798 90.599
1657135798 90.599
1657135799 90.599
1657135799 90.599
1657135799 90.599
1657135800 90.599
1657135800 90.599
1657135800 90.599
1657135801 90.599
1657135801 90.599
1657135802 90.599
1657135803 90.599
1657135803 90.599
1657135804 90.599
1657135804 90.599
1657135805 90.599
1657135805 90.599
1657135805 90.599
1657135806 90.599
1657135806 90.599
1657135806 90.599
1657135807 82.970
1657135807 82.970
1657135807 82.970
1657135808 82.970
1657135808 82.970
1657135809 82.970
1657135809 82.970
1657135809 82.970
1657135810 82.970
1657135810 82.970
1657135810 82.970
1657135811 82.970
1657135811 82.970
1657135811 82.970
1657135812 82.970
1657135812 82.970
1657135812 82.970
1657135813 82.970
1657135813 82.970
1657135813 82.970
1657135814 82.970
1657135814 82.970
1657135815 82.970
1657135815 82.970
1657135816 82.970
1657135816 82.970
1657135817 82.970
1657135817 82.970
1657135817 82.970
1657135818 82.970
1657135818 82.970
1657135818 82.970
1657135819 82.970
1657135819 82.970
1657135819 82.970
1657135820 82.970
1657135820 82.970
1657135820 82.970
1657135821 82.970
1657135821 82.970
1657135822 82.970
1657135822 82.970
1657135822 82.970
1657135822 82.970
1657135823 82.970
1657135823 82.970
1657135823 82.970
1657135824 82.970
1657135824 82.970
1657135825 82.970
1657135825 82.970
1657135825 82.970
1657135826 82.970
1657135826 82.970
1657135826 82.970
1657135827 82.970
1657135827 82.970
1657135828 82.970
1657135829 82.970
1657135829 82.970
1657135829 82.970
1657135830 82.970
1657135830 82.970
1657135830 82.970
1657135831 82.970
1657135831 82.970
1657135831 82.970
1657135832 82.970
1657135832 82.970
1657135832 82.970
1657135833 82.970
1657135833 82.970
1657135833 82.970
1657135834 82.970
1657135834 82.970
1657135834 82.970
1657135835 82.970
1657135835 82.970
1657135835 82.970
1657135836 82.970
1657135836 82.970
1657135836 82.970
1657135837 108.719
1657135837 108.719
1657135838 108.719
1657135838 108.719
1657135838 108.719
1657135839 108.719
1657135839 108.719
1657135840 108.719
1657135840 108.719
1657135840 108.719
1657135841 108.719
1657135841 108.719
1657135842 108.719
1657135842 108.719
1657135842 108.719
1657135843 108.719
1657135843 108.719
1657135843 108.719
1657135844 108.719
1657135844 108.719
1657135844 108.719
1657135845 108.719
1657135845 108.719
1657135845 108.719
1657135845 108.719
1657135846 108.719
1657135846 108.719
1657135847 108.719
1657135847 108.719
1657135847 108.719
1657135848 108.719
1657135848 108.719
1657135848 108.719
1657135848 108.719
1657135849 108.719
1657135849 108.719
1657135849 108.719
1657135850 108.719
1657135850 108.719
1657135851 108.719
1657135851 108.719
1657135852 108.719
1657135852 108.719
1657135853 108.719
1657135853 108.719
1657135853 108.719
1657135854 108.719
1657135854 108.719
1657135854 108.719
1657135855 108.719
1657135855 108.719
1657135856 108.719
1657135856 108.719
1657135856 108.719
1657135857 108.719
1657135857 108.719
1657135857 108.719
1657135858 108.719
1657135858 108.719
1657135859 108.719
1657135859 108.719
1657135859 108.719
1657135860 108.719
1657135860 108.719
1657135860 108.719
1657135861 108.719
1657135861 108.719
1657135862 108.719
1657135862 108.719
1657135862 108.719
1657135863 108.719
1657135863 108.719
1657135864 108.719
1657135865 108.719
1657135865 108.719
1657135866 108.719
1657135866 119.209
1657135867 119.209
1657135867 119.209
1657135867 119.209
1657135868 119.209
1657135868 119.209
1657135868 119.209
1657135869 119.209
1657135869 119.209
1657135869 119.209
1657135870 119.209
1657135870 119.209
1657135870 119.209
1657135871 119.209
1657135871 119.209
1657135872 119.209
1657135872 119.209
1657135872 119.209
1657135873 119.209
1657135873 119.209
1657135873 119.209
1657135874 119.209
1657135874 119.209
1657135874 119.209
1657135875 119.209
1657135875 119.209
1657135875 119.209
1657135876 119.209
1657135876 119.209
1657135876 119.209
1657135877 119.209
1657135878 119.209
1657135878 119.209
1657135878 119.209
1657135879 119.209
1657135879 119.209
1657135879 119.209
1657135880 119.209
1657135880 119.209
1657135881 119.209
1657135881 119.209
1657135881 119.209
1657135882 119.209
1657135882 119.209
1657135882 119.209
1657135883 119.209
1657135883 119.209
1657135883 119.209
1657135884 119.209
1657135884 119.209
1657135884 119.209
1657135885 119.209
1657135885 119.209
1657135885 119.209
1657135886 119.209
1657135886 119.209
1657135886 119.209
1657135887 119.209
1657135887 119.209
1657135887 119.209
1657135888 119.209
1657135888 119.209
1657135889 119.209
1657135890 119.209
1657135890 119.209
1657135891 119.209
1657135891 119.209
1657135891 119.209
1657135892 119.209
1657135892 119.209
1657135892 119.209
1657135893 119.209
1657135893 119.209
1657135893 119.209
1657135894 119.209
1657135894 119.209
1657135895 119.209
1657135896 119.209
1657135896 119.209
1657135896 119.209
1657135897 90.599
1657135897 90.599
1657135897 90.599
1657135898 90.599
1657135898 90.599
1657135898 90.599
1657135899 90.599
1657135899 90.599
1657135899 90.599
1657135900 90.599
1657135900 90.599
1657135901 90.599
1657135901 90.599
1657135902 90.599
1657135902 90.599
1657135903 90.599
1657135903 90.599
1657135903 90.599
1657135904 90.599
1657135904 90.599
1657135904 90.599
1657135905 90.599
1657135905 90.599
1657135905 90.599
1657135906 90.599
1657135906 90.599
1657135906 90.599
1657135906 90.599
1657135907 90.599
1657135907 90.599
1657135908 90.599
1657135908 90.599
1657135908 90.599
1657135909 90.599
1657135909 90.599
1657135909 90.599
1657135910 90.599
1657135910 90.599
1657135910 90.599
1657135911 90.599
1657135911 90.599
1657135911 90.599
1657135912 90.599
1657135912 90.599
1657135912 90.599
1657135913 90.599
1657135914 90.599
1657135914 90.599
1657135914 90.599
1657135915 90.599
1657135915 90.599
1657135915 90.599
1657135916 90.599
1657135916 90.599
1657135916 90.599
1657135917 90.599
1657135917 90.599
1657135918 90.599
1657135918 90.599
1657135918 90.599
1657135919 90.599
1657135919 90.599
1657135919 90.599
1657135920 90.599
1657135920 90.599
1657135921 90.599
1657135921 90.599
1657135921 90.599
1657135922 90.599
1657135922 90.599
1657135922 90.599
1657135923 90.599
1657135923 90.599
1657135923 90.599
1657135924 90.599
1657135924 90.599
1657135924 90.599
1657135925 90.599
1657135926 90.599
1657135926 90.599
1657135927 103.951
1657135927 103.951
1657135928 103.951
1657135928 103.951
1657135929 103.951
1657135929 103.951
1657135930 103.951
1657135930 103.951
1657135930 103.951
1657135931 103.951
1657135931 103.951
1657135931 103.951
1657135931 103.951
1657135932 103.951
1657135932 103.951
1657135933 103.951
1657135933 103.951
1657135933 103.951
1657135934 103.951
1657135934 103.951
1657135934 103.951
1657135935 103.951
1657135935 103.951
1657135935 103.951
1657135936 103.951
1657135936 103.951
1657135936 103.951
1657135937 103.951
1657135937 103.951
1657135937 103.951
1657135938 103.951
1657135938 103.951
1657135938 103.951
1657135939 103.951
1657135940 103.951
1657135940 103.951
1657135940 103.951
1657135941 103.951
1657135941 103.951
1657135941 103.951
1657135942 103.951
1657135942 103.951
1657135942 103.951
1657135943 103.951
1657135943 103.951
1657135944 103.951
1657135944 103.951
1657135944 103.951
1657135945 103.951
1657135945 103.951
1657135945 103.951
1657135946 103.951
1657135946 103.951
1657135946 103.951
1657135947 103.951
1657135947 103.951
1657135947 103.951
1657135948 103.951
1657135948 103.951
1657135949 103.951
1657135949 103.951
1657135949 103.951
1657135950 103.951
1657135950 103.951
1657135950 103.951
1657135951 103.951
1657135952 103.951
1657135952 103.951
1657135952 103.951
1657135953 103.951
1657135953 103.951
1657135953 103.951
1657135954 103.951
1657135954 103.951
1657135954 103.951
1657135955 103.951
1657135955 103.951
1657135956 103.951
1657135956 103.951
1657135956 103.951
1657135957 90.599
1657135957 90.599
1657135957 90.599
1657135958 90.599
1657135958 90.599
1657135958 90.599
1657135959 90.599
1657135959 90.599
1657135959 90.599
1657135960 90.599
1657135960 90.599
1657135960 90.599
1657135961 90.599
1657135961 90.599
1657135961 90.599
1657135962 90.599
1657135962 90.599
1657135962 90.599
1657135963 90.599
1657135964 90.599
1657135964 90.599
1657135965 90.599
1657135965 90.599
1657135966 90.599
1657135966 90.599
1657135966 90.599
1657135967 90.599
1657135967 90.599
1657135967 90.599
1657135968 90.599
1657135968 90.599
1657135968 90.599
1657135969 90.599
1657135969 90.599
1657135969 90.599
1657135970 90.599
1657135970 90.599
1657135971 90.599
1657135971 90.599
1657135971 90.599
1657135972 90.599
1657135972 90.599
1657135972 90.599
1657135973 90.599
1657135973 90.599
1657135973 90.599