1657139827 0.164
1657139827 0.164
1657139827 0.164
1657139828 0.164
1657139828 0.164
1657139828 0.164
1657139829 0.164
1657139829 0.164
1657139829 0.164
1657139830 0.164
1657139830 0.164
1657139831 0.164
1657139831 0.164
1657139832 0.164
1657139833 0.164
1657139833 0.164
1657139834 0.164
1657139834 0.164
1657139834 0.164
1657139835 0.164
1657139835 0.164
1657139835 0.164
1657139836 0.164
1657139836 0.164
1657139836 0.164
1657139837 0.164
1657139837 0.164
1657139837 0.164
1657139838 0.164
1657139838 0.164
1657139839 0.164
1657139839 0.164
1657139839 0.164
1657139840 0.164
1657139840 0.164
1657139840 0.164
1657139841 0.164
1657139841 0.164
1657139841 0.164
1657139842 0.164
1657139842 0.164
1657139842 0.164
1657139843 0.164
1657139843 0.164
1657139844 0.164
1657139844 0.164
1657139845 0.164
1657139845 0.164
1657139845 0.164
1657139846 0.164
1657139846 0.164
1657139847 0.164
1657139847 0.164
1657139847 0.164
1657139848 0.164
1657139848 0.164
1657139849 0.164
1657139849 0.164
1657139849 0.164
1657139850 0.164
1657139850 0.164
1657139850 0.164
1657139851 0.164
1657139851 0.164
1657139852 0.164
1657139852 0.164
1657139852 0.164
1657139853 0.164
1657139853 0.164
1657139853 0.164
1657139854 0.164
1657139854 0.164
1657139854 0.164
1657139855 0.164
1657139856 0.164
1657139856 0.164
1657139856 0.164
1657139856 0.271
1657139857 0.271
1657139857 0.271
1657139858 0.271
1657139858 0.271
1657139858 0.271
1657139859 0.271
1657139859 0.271
1657139859 0.271
1657139860 0.271
1657139860 0.271
1657139861 0.271
1657139861 0.271
1657139861 0.271
1657139862 0.271
1657139862 0.271
1657139862 0.271
1657139863 0.271
1657139863 0.271
1657139864 0.271
1657139864 0.271
1657139864 0.271
1657139865 0.271
1657139865 0.271
1657139865 0.271
1657139866 0.271
1657139867 0.271
1657139867 0.271
1657139868 0.271
1657139868 0.271
1657139868 0.271
1657139869 0.271
1657139869 0.271
1657139869 0.271
1657139870 0.271
1657139870 0.271
1657139870 0.271
1657139871 0.271
1657139871 0.271
1657139871 0.271
1657139872 0.271
1657139872 0.271
1657139872 0.271
1657139873 0.271
1657139873 0.271
1657139874 0.271
1657139874 0.271
1657139874 0.271
1657139875 0.271
1657139875 0.271
1657139876 0.271
1657139876 0.271
1657139877 0.271
1657139877 0.271
1657139878 0.271
1657139878 0.271
1657139879 0.271
1657139879 0.271
1657139880 0.271
1657139880 0.271
1657139880 0.271
1657139881 0.271
1657139881 0.271
1657139881 0.271
1657139882 0.271
1657139882 0.271
1657139883 0.271
1657139883 0.271
1657139883 0.271
1657139884 0.271
1657139884 0.271
1657139884 0.271
1657139885 0.271
1657139885 0.271
1657139885 0.271
1657139885 0.271
1657139886 0.271
1657139886 0.271
1657139887 0.269
1657139887 0.269
1657139887 0.269
1657139888 0.269
1657139888 0.269
1657139888 0.269
1657139889 0.269
1657139889 0.269
1657139890 0.269
1657139890 0.269
1657139891 0.269
1657139892 0.269
1657139892 0.269
1657139893 0.269
1657139893 0.269
1657139893 0.269
1657139894 0.269
1657139894 0.269
1657139894 0.269
1657139895 0.269
1657139895 0.269
1657139895 0.269
1657139896 0.269
1657139896 0.269
1657139896 0.269
1657139897 0.269
1657139897 0.269
1657139897 0.269
1657139898 0.269
1657139898 0.269
1657139898 0.269
1657139899 0.269
1657139899 0.269
1657139900 0.269
1657139900 0.269
1657139900 0.269
1657139901 0.269
1657139901 0.269
1657139901 0.269
1657139902 0.269
1657139902 0.269
1657139902 0.269
1657139903 0.269
1657139904 0.269
1657139904 0.269
1657139905 0.269
1657139905 0.269
1657139905 0.269
1657139906 0.269
1657139906 0.269
1657139906 0.269
1657139907 0.269
1657139907 0.269
1657139907 0.269
1657139908 0.269
1657139908 0.269
1657139909 0.269
1657139909 0.269
1657139909 0.269
1657139910 0.269
1657139910 0.269
1657139910 0.269
1657139910 0.269
1657139911 0.269
1657139911 0.269
1657139911 0.269
1657139912 0.269
1657139912 0.269
1657139913 0.269
1657139913 0.269
1657139913 0.269
1657139914 0.269
1657139914 0.269
1657139914 0.269
1657139915 0.269
1657139915 0.269
1657139916 0.269
1657139916 0.269
1657139917 0.264
1657139917 0.264
1657139917 0.264
1657139918 0.264
1657139918 0.264
1657139918 0.264
1657139918 0.264
1657139919 0.264
1657139919 0.264
1657139919 0.264
1657139920 0.264
1657139920 0.264
1657139920 0.264
1657139921 0.264
1657139921 0.264
1657139921 0.264
1657139922 0.264
1657139922 0.264
1657139922 0.264
1657139923 0.264
1657139923 0.264
1657139923 0.264
1657139924 0.264
1657139924 0.264
1657139924 0.264
1657139925 0.264
1657139925 0.264
1657139925 0.264
1657139926 0.264
1657139926 0.264
1657139927 0.264
1657139927 0.264
1657139928 0.264
1657139928 0.264
1657139928 0.264
1657139929 0.264
1657139929 0.264
1657139930 0.264
1657139930 0.264
1657139930 0.264
1657139931 0.264
1657139931 0.264
1657139931 0.264
1657139932 0.264
1657139932 0.264
1657139932 0.264
1657139933 0.264
1657139933 0.264
1657139933 0.264
1657139934 0.264
1657139934 0.264
1657139935 0.264
1657139935 0.264
1657139935 0.264
1657139936 0.264
1657139936 0.264
1657139936 0.264
1657139937 0.264
1657139937 0.264
1657139937 0.264
1657139938 0.264
1657139938 0.264
1657139939 0.264
1657139940 0.264
1657139940 0.264
1657139940 0.264
1657139941 0.264
1657139941 0.264
1657139941 0.264
1657139942 0.264
1657139942 0.264
1657139942 0.264
1657139943 0.264
1657139943 0.264
1657139943 0.264
1657139944 0.264
1657139944 0.264
1657139944 0.264
1657139945 0.264
1657139945 0.264
1657139945 0.264
1657139946 0.264
1657139946 0.264
1657139946 0.264
1657139947 0.485
1657139947 0.485
1657139947 0.485
1657139948 0.485
1657139948 0.485
1657139949 0.485
1657139949 0.485
1657139949 0.485
1657139950 0.485
1657139950 0.485
1657139950 0.485
1657139951 0.485
1657139951 0.485
1657139952 0.485
1657139952 0.485
1657139953 0.485
1657139954 0.485
1657139954 0.485
1657139955 0.485
1657139955 0.485
1657139955 0.485
1657139956 0.485
1657139956 0.485
1657139956 0.485
1657139957 0.485
1657139957 0.485
1657139957 0.485
1657139958 0.485
1657139958 0.485
1657139959 0.485
1657139959 0.485
1657139959 0.485
1657139960 0.485
1657139960 0.485
1657139960 0.485
1657139961 0.485
1657139961 0.485
1657139961 0.485
1657139962 0.485
1657139962 0.485
1657139962 0.485
1657139962 0.485
1657139963 0.485
1657139963 0.485
1657139963 0.485
1657139964 0.485
1657139964 0.485
1657139965 0.485
1657139965 0.485
1657139966 0.485
1657139966 0.485
1657139966 0.485
1657139967 0.485
1657139967 0.485
1657139967 0.485
1657139968 0.485
1657139968 0.485
1657139969 0.485
1657139969 0.485
1657139969 0.485
1657139970 0.485
1657139970 0.485
1657139970 0.485
1657139971 0.485
1657139971 0.485
1657139971 0.485
1657139972 0.485
1657139972 0.485
1657139972 0.485
1657139973 0.485
1657139973 0.485
1657139973 0.485
1657139974 0.485
1657139974 0.485
1657139975 0.485
1657139975 0.485
1657139975 0.485
1657139976 0.485
1657139976 0.485
1657139977 0.575
1657139977 0.575
1657139977 0.575
1657139978 0.575
1657139978 0.575
1657139978 0.575
1657139979 0.575
1657139979 0.575
1657139979 0.575
1657139979 0.575
1657139980 0.575
1657139980 0.575
1657139980 0.575
1657139981 0.575
1657139981 0.575
1657139981 0.575
1657139982 0.575
1657139982 0.575
1657139983 0.575
1657139983 0.575
1657139983 0.575
1657139984 0.575
1657139984 0.575
1657139984 0.575
1657139985 0.575
1657139985 0.575
1657139985 0.575
1657139986 0.575
1657139986 0.575
1657139986 0.575
1657139987 0.575
1657139987 0.575
1657139988 0.575
1657139988 0.575
1657139989 0.575
1657139989 0.575
1657139989 0.575
1657139990 0.575
1657139990 0.575
1657139990 0.575
1657139991 0.575
1657139991 0.575
1657139991 0.575
1657139992 0.575
1657139992 0.575
1657139992 0.575
1657139993 0.575
1657139993 0.575
1657139993 0.575
1657139994 0.575
1657139994 0.575
1657139994 0.575
1657139995 0.575
1657139995 0.575
1657139995 0.575
1657139996 0.575
1657139996 0.575
1657139996 0.575
1657139997 0.575
1657139997 0.575
1657139997 0.575
1657139998 0.575
1657139998 0.575
1657139999 0.575
1657139999 0.575
1657140000 0.575
1657140000 0.575
1657140001 0.575
1657140001 0.575
1657140001 0.575
1657140002 0.575
1657140002 0.575
1657140002 0.575
1657140003 0.575
1657140003 0.575
1657140003 0.575
1657140004 0.575
1657140004 0.575
1657140004 0.575
1657140005 0.575
1657140005 0.575
1657140005 0.575
1657140006 0.575
1657140006 0.575
1657140006 0.575
1657140007 0.575
1657140007 0.155
1657140007 0.155
1657140008 0.155
1657140008 0.155
1657140008 0.155
1657140009 0.155
1657140009 0.155
1657140009 0.155
1657140010 0.155
1657140010 0.155
1657140010 0.155
1657140011 0.155
1657140011 0.155
1657140012 0.155
1657140012 0.155
1657140013 0.155
1657140014 0.155
1657140014 0.155
1657140015 0.155
1657140015 0.155
1657140015 0.155
1657140016 0.155
1657140016 0.155
1657140016 0.155
1657140017 0.155
1657140017 0.155
1657140017 0.155
1657140018 0.155
1657140018 0.155
1657140018 0.155
1657140019 0.155
1657140019 0.155
1657140019 0.155
1657140020 0.155
1657140020 0.155
1657140020 0.155
1657140021 0.155
1657140021 0.155
1657140021 0.155
1657140022 0.155
1657140022 0.155
1657140022 0.155
1657140023 0.155
1657140023 0.155
1657140023 0.155
1657140024 0.155
1657140024 0.155
1657140025 0.155
1657140025 0.155
1657140026 0.155
1657140026 0.155
1657140026 0.155
1657140027 0.155
1657140027 0.155
1657140027 0.155
1657140028 0.155
1657140028 0.155
1657140028 0.155
1657140029 0.155
1657140029 0.155
1657140029 0.155
1657140030 0.155
1657140030 0.155
1657140030 0.155
1657140031 0.155
1657140031 0.155
1657140032 0.155
1657140032 0.155
1657140032 0.155
1657140033 0.155
1657140033 0.155
1657140033 0.155
1657140034 0.155
1657140034 0.155
1657140034 0.155
1657140035 0.155
1657140035 0.155
1657140035 0.155
1657140036 0.155
1657140036 0.155
1657140036 0.155
1657140037 0.428
1657140037 0.428
1657140038 0.428
1657140038 0.428
1657140039 0.428
1657140039 0.428
1657140039 0.428
1657140040 0.428
1657140040 0.428
1657140040 0.428
1657140041 0.428
1657140041 0.428
1657140041 0.428
1657140042 0.428
1657140042 0.428
1657140042 0.428
1657140043 0.428
1657140043 0.428
1657140043 0.428
1657140044 0.428
1657140044 0.428
1657140044 0.428
1657140045 0.428
1657140045 0.428
1657140045 0.428
1657140046 0.428
1657140046 0.428
1657140046 0.428
1657140047 0.428
1657140047 0.428
1657140048 0.428
1657140048 0.428
1657140048 0.428
1657140049 0.428
1657140049 0.428
1657140050 0.428
1657140050 0.428
1657140050 0.428
1657140051 0.428
1657140051 0.428
1657140051 0.428
1657140052 0.428
1657140052 0.428
1657140052 0.428
1657140053 0.428
1657140053 0.428
1657140053 0.428
1657140054 0.428
1657140054 0.428
1657140055 0.428
1657140055 0.428
1657140055 0.428
1657140056 0.428
1657140056 0.428
1657140056 0.428
1657140057 0.428
1657140057 0.428
1657140057 0.428
1657140058 0.428
1657140058 0.428
1657140058 0.428
1657140059 0.428
1657140059 0.428
1657140060 0.428
1657140060 0.428
1657140061 0.428
1657140061 0.428
1657140062 0.428
1657140062 0.428
1657140062 0.428
1657140063 0.428
1657140063 0.428
1657140063 0.428
1657140064 0.428
1657140064 0.428
1657140064 0.428
1657140064 0.428
1657140065 0.428
1657140065 0.428
1657140066 0.428
1657140066 0.428
1657140066 0.428
1657140066 0.428
1657140067 0.395
1657140067 0.395
1657140067 0.395
1657140068 0.395
1657140068 0.395
1657140068 0.395
1657140069 0.395
1657140069 0.395
1657140069 0.395
1657140070 0.395
1657140070 0.395
1657140070 0.395
1657140071 0.395
1657140071 0.395
1657140071 0.395
1657140072 0.395
1657140073 0.395
1657140073 0.395
1657140074 0.395
1657140074 0.395
1657140075 0.395
1657140075 0.395
1657140076 0.395
1657140076 0.395
1657140076 0.395
1657140077 0.395
1657140077 0.395
1657140077 0.395
1657140078 0.395
1657140078 0.395
1657140078 0.395
1657140079 0.395
1657140079 0.395
1657140080 0.395
1657140080 0.395
1657140080 0.395
1657140081 0.395
1657140081 0.395
1657140081 0.395
1657140082 0.395
1657140082 0.395
1657140082 0.395
1657140082 0.395
1657140083 0.395
1657140083 0.395