1657139827 89.645
1657139827 89.645
1657139827 89.645
1657139828 89.645
1657139828 89.645
1657139828 89.645
1657139829 89.645
1657139829 89.645
1657139829 89.645
1657139830 89.645
1657139830 89.645
1657139831 89.645
1657139831 89.645
1657139832 89.645
1657139833 89.645
1657139833 89.645
1657139834 89.645
1657139834 89.645
1657139834 89.645
1657139835 89.645
1657139835 89.645
1657139835 89.645
1657139836 89.645
1657139836 89.645
1657139836 89.645
1657139837 89.645
1657139837 89.645
1657139837 89.645
1657139838 89.645
1657139838 89.645
1657139839 89.645
1657139839 89.645
1657139839 89.645
1657139840 89.645
1657139840 89.645
1657139840 89.645
1657139841 89.645
1657139841 89.645
1657139841 89.645
1657139842 89.645
1657139842 89.645
1657139842 89.645
1657139843 89.645
1657139843 89.645
1657139844 89.645
1657139844 89.645
1657139845 89.645
1657139845 89.645
1657139845 89.645
1657139846 89.645
1657139846 89.645
1657139847 89.645
1657139847 89.645
1657139847 89.645
1657139848 89.645
1657139848 89.645
1657139849 89.645
1657139849 89.645
1657139849 89.645
1657139850 89.645
1657139850 89.645
1657139850 89.645
1657139851 89.645
1657139851 89.645
1657139852 89.645
1657139852 89.645
1657139852 89.645
1657139853 89.645
1657139853 89.645
1657139853 89.645
1657139854 89.645
1657139854 89.645
1657139854 89.645
1657139855 89.645
1657139856 89.645
1657139856 89.645
1657139856 89.645
1657139856 102.997
1657139857 102.997
1657139857 102.997
1657139858 102.997
1657139858 102.997
1657139858 102.997
1657139859 102.997
1657139859 102.997
1657139859 102.997
1657139860 102.997
1657139860 102.997
1657139861 102.997
1657139861 102.997
1657139861 102.997
1657139862 102.997
1657139862 102.997
1657139862 102.997
1657139863 102.997
1657139863 102.997
1657139864 102.997
1657139864 102.997
1657139864 102.997
1657139865 102.997
1657139865 102.997
1657139865 102.997
1657139866 102.997
1657139867 102.997
1657139867 102.997
1657139868 102.997
1657139868 102.997
1657139868 102.997
1657139869 102.997
1657139869 102.997
1657139869 102.997
1657139870 102.997
1657139870 102.997
1657139870 102.997
1657139871 102.997
1657139871 102.997
1657139871 102.997
1657139872 102.997
1657139872 102.997
1657139872 102.997
1657139873 102.997
1657139873 102.997
1657139874 102.997
1657139874 102.997
1657139874 102.997
1657139875 102.997
1657139875 102.997
1657139876 102.997
1657139876 102.997
1657139877 102.997
1657139877 102.997
1657139878 102.997
1657139878 102.997
1657139879 102.997
1657139879 102.997
1657139880 102.997
1657139880 102.997
1657139880 102.997
1657139881 102.997
1657139881 102.997
1657139881 102.997
1657139882 102.997
1657139882 102.997
1657139883 102.997
1657139883 102.997
1657139883 102.997
1657139884 102.997
1657139884 102.997
1657139884 102.997
1657139885 102.997
1657139885 102.997
1657139885 102.997
1657139885 102.997
1657139886 102.997
1657139886 102.997
1657139887 94.414
1657139887 94.414
1657139887 94.414
1657139888 94.414
1657139888 94.414
1657139888 94.414
1657139889 94.414
1657139889 94.414
1657139890 94.414
1657139890 94.414
1657139891 94.414
1657139892 94.414
1657139892 94.414
1657139893 94.414
1657139893 94.414
1657139893 94.414
1657139894 94.414
1657139894 94.414
1657139894 94.414
1657139895 94.414
1657139895 94.414
1657139895 94.414
1657139896 94.414
1657139896 94.414
1657139896 94.414
1657139897 94.414
1657139897 94.414
1657139897 94.414
1657139898 94.414
1657139898 94.414
1657139898 94.414
1657139899 94.414
1657139899 94.414
1657139900 94.414
1657139900 94.414
1657139900 94.414
1657139901 94.414
1657139901 94.414
1657139901 94.414
1657139902 94.414
1657139902 94.414
1657139902 94.414
1657139903 94.414
1657139904 94.414
1657139904 94.414
1657139905 94.414
1657139905 94.414
1657139905 94.414
1657139906 94.414
1657139906 94.414
1657139906 94.414
1657139907 94.414
1657139907 94.414
1657139907 94.414
1657139908 94.414
1657139908 94.414
1657139909 94.414
1657139909 94.414
1657139909 94.414
1657139910 94.414
1657139910 94.414
1657139910 94.414
1657139910 94.414
1657139911 94.414
1657139911 94.414
1657139911 94.414
1657139912 94.414
1657139912 94.414
1657139913 94.414
1657139913 94.414
1657139913 94.414
1657139914 94.414
1657139914 94.414
1657139914 94.414
1657139915 94.414
1657139915 94.414
1657139916 94.414
1657139916 94.414
1657139917 103.951
1657139917 103.951
1657139917 103.951
1657139918 103.951
1657139918 103.951
1657139918 103.951
1657139918 103.951
1657139919 103.951
1657139919 103.951
1657139919 103.951
1657139920 103.951
1657139920 103.951
1657139920 103.951
1657139921 103.951
1657139921 103.951
1657139921 103.951
1657139922 103.951
1657139922 103.951
1657139922 103.951
1657139923 103.951
1657139923 103.951
1657139923 103.951
1657139924 103.951
1657139924 103.951
1657139924 103.951
1657139925 103.951
1657139925 103.951
1657139925 103.951
1657139926 103.951
1657139926 103.951
1657139927 103.951
1657139927 103.951
1657139928 103.951
1657139928 103.951
1657139928 103.951
1657139929 103.951
1657139929 103.951
1657139930 103.951
1657139930 103.951
1657139930 103.951
1657139931 103.951
1657139931 103.951
1657139931 103.951
1657139932 103.951
1657139932 103.951
1657139932 103.951
1657139933 103.951
1657139933 103.951
1657139933 103.951
1657139934 103.951
1657139934 103.951
1657139935 103.951
1657139935 103.951
1657139935 103.951
1657139936 103.951
1657139936 103.951
1657139936 103.951
1657139937 103.951
1657139937 103.951
1657139937 103.951
1657139938 103.951
1657139938 103.951
1657139939 103.951
1657139940 103.951
1657139940 103.951
1657139940 103.951
1657139941 103.951
1657139941 103.951
1657139941 103.951
1657139942 103.951
1657139942 103.951
1657139942 103.951
1657139943 103.951
1657139943 103.951
1657139943 103.951
1657139944 103.951
1657139944 103.951
1657139944 103.951
1657139945 103.951
1657139945 103.951
1657139945 103.951
1657139946 103.951
1657139946 103.951
1657139946 103.951
1657139947 174.522
1657139947 174.522
1657139947 174.522
1657139948 174.522
1657139948 174.522
1657139949 174.522
1657139949 174.522
1657139949 174.522
1657139950 174.522
1657139950 174.522
1657139950 174.522
1657139951 174.522
1657139951 174.522
1657139952 174.522
1657139952 174.522
1657139953 174.522
1657139954 174.522
1657139954 174.522
1657139955 174.522
1657139955 174.522
1657139955 174.522
1657139956 174.522
1657139956 174.522
1657139956 174.522
1657139957 174.522
1657139957 174.522
1657139957 174.522
1657139958 174.522
1657139958 174.522
1657139959 174.522
1657139959 174.522
1657139959 174.522
1657139960 174.522
1657139960 174.522
1657139960 174.522
1657139961 174.522
1657139961 174.522
1657139961 174.522
1657139962 174.522
1657139962 174.522
1657139962 174.522
1657139962 174.522
1657139963 174.522
1657139963 174.522
1657139963 174.522
1657139964 174.522
1657139964 174.522
1657139965 174.522
1657139965 174.522
1657139966 174.522
1657139966 174.522
1657139966 174.522
1657139967 174.522
1657139967 174.522
1657139967 174.522
1657139968 174.522
1657139968 174.522
1657139969 174.522
1657139969 174.522
1657139969 174.522
1657139970 174.522
1657139970 174.522
1657139970 174.522
1657139971 174.522
1657139971 174.522
1657139971 174.522
1657139972 174.522
1657139972 174.522
1657139972 174.522
1657139973 174.522
1657139973 174.522
1657139973 174.522
1657139974 174.522
1657139974 174.522
1657139975 174.522
1657139975 174.522
1657139975 174.522
1657139976 174.522
1657139976 174.522
1657139977 239.372
1657139977 239.372
1657139977 239.372
1657139978 239.372
1657139978 239.372
1657139978 239.372
1657139979 239.372
1657139979 239.372
1657139979 239.372
1657139979 239.372
1657139980 239.372
1657139980 239.372
1657139980 239.372
1657139981 239.372
1657139981 239.372
1657139981 239.372
1657139982 239.372
1657139982 239.372
1657139983 239.372
1657139983 239.372
1657139983 239.372
1657139984 239.372
1657139984 239.372
1657139984 239.372
1657139985 239.372
1657139985 239.372
1657139985 239.372
1657139986 239.372
1657139986 239.372
1657139986 239.372
1657139987 239.372
1657139987 239.372
1657139988 239.372
1657139988 239.372
1657139989 239.372
1657139989 239.372
1657139989 239.372
1657139990 239.372
1657139990 239.372
1657139990 239.372
1657139991 239.372
1657139991 239.372
1657139991 239.372
1657139992 239.372
1657139992 239.372
1657139992 239.372
1657139993 239.372
1657139993 239.372
1657139993 239.372
1657139994 239.372
1657139994 239.372
1657139994 239.372
1657139995 239.372
1657139995 239.372
1657139995 239.372
1657139996 239.372
1657139996 239.372
1657139996 239.372
1657139997 239.372
1657139997 239.372
1657139997 239.372
1657139998 239.372
1657139998 239.372
1657139999 239.372
1657139999 239.372
1657140000 239.372
1657140000 239.372
1657140001 239.372
1657140001 239.372
1657140001 239.372
1657140002 239.372
1657140002 239.372
1657140002 239.372
1657140003 239.372
1657140003 239.372
1657140003 239.372
1657140004 239.372
1657140004 239.372
1657140004 239.372
1657140005 239.372
1657140005 239.372
1657140005 239.372
1657140006 239.372
1657140006 239.372
1657140006 239.372
1657140007 239.372
1657140007 251.770
1657140007 251.770
1657140008 251.770
1657140008 251.770
1657140008 251.770
1657140009 251.770
1657140009 251.770
1657140009 251.770
1657140010 251.770
1657140010 251.770
1657140010 251.770
1657140011 251.770
1657140011 251.770
1657140012 251.770
1657140012 251.770
1657140013 251.770
1657140014 251.770
1657140014 251.770
1657140015 251.770
1657140015 251.770
1657140015 251.770
1657140016 251.770
1657140016 251.770
1657140016 251.770
1657140017 251.770
1657140017 251.770
1657140017 251.770
1657140018 251.770
1657140018 251.770
1657140018 251.770
1657140019 251.770
1657140019 251.770
1657140019 251.770
1657140020 251.770
1657140020 251.770
1657140020 251.770
1657140021 251.770
1657140021 251.770
1657140021 251.770
1657140022 251.770
1657140022 251.770
1657140022 251.770
1657140023 251.770
1657140023 251.770
1657140023 251.770
1657140024 251.770
1657140024 251.770
1657140025 251.770
1657140025 251.770
1657140026 251.770
1657140026 251.770
1657140026 251.770
1657140027 251.770
1657140027 251.770
1657140027 251.770
1657140028 251.770
1657140028 251.770
1657140028 251.770
1657140029 251.770
1657140029 251.770
1657140029 251.770
1657140030 251.770
1657140030 251.770
1657140030 251.770
1657140031 251.770
1657140031 251.770
1657140032 251.770
1657140032 251.770
1657140032 251.770
1657140033 251.770
1657140033 251.770
1657140033 251.770
1657140034 251.770
1657140034 251.770
1657140034 251.770
1657140035 251.770
1657140035 251.770
1657140035 251.770
1657140036 251.770
1657140036 251.770
1657140036 251.770
1657140037 222.206
1657140037 222.206
1657140038 222.206
1657140038 222.206
1657140039 222.206
1657140039 222.206
1657140039 222.206
1657140040 222.206
1657140040 222.206
1657140040 222.206
1657140041 222.206
1657140041 222.206
1657140041 222.206
1657140042 222.206
1657140042 222.206
1657140042 222.206
1657140043 222.206
1657140043 222.206
1657140043 222.206
1657140044 222.206
1657140044 222.206
1657140044 222.206
1657140045 222.206
1657140045 222.206
1657140045 222.206
1657140046 222.206
1657140046 222.206
1657140046 222.206
1657140047 222.206
1657140047 222.206
1657140048 222.206
1657140048 222.206
1657140048 222.206
1657140049 222.206
1657140049 222.206
1657140050 222.206
1657140050 222.206
1657140050 222.206
1657140051 222.206
1657140051 222.206
1657140051 222.206
1657140052 222.206
1657140052 222.206
1657140052 222.206
1657140053 222.206
1657140053 222.206
1657140053 222.206
1657140054 222.206
1657140054 222.206
1657140055 222.206
1657140055 222.206
1657140055 222.206
1657140056 222.206
1657140056 222.206
1657140056 222.206
1657140057 222.206
1657140057 222.206
1657140057 222.206
1657140058 222.206
1657140058 222.206
1657140058 222.206
1657140059 222.206
1657140059 222.206
1657140060 222.206
1657140060 222.206
1657140061 222.206
1657140061 222.206
1657140062 222.206
1657140062 222.206
1657140062 222.206
1657140063 222.206
1657140063 222.206
1657140063 222.206
1657140064 222.206
1657140064 222.206
1657140064 222.206
1657140064 222.206
1657140065 222.206
1657140065 222.206
1657140066 222.206
1657140066 222.206
1657140066 222.206
1657140066 222.206
1657140067 187.874
1657140067 187.874
1657140067 187.874
1657140068 187.874
1657140068 187.874
1657140068 187.874
1657140069 187.874
1657140069 187.874
1657140069 187.874
1657140070 187.874
1657140070 187.874
1657140070 187.874
1657140071 187.874
1657140071 187.874
1657140071 187.874
1657140072 187.874
1657140073 187.874
1657140073 187.874
1657140074 187.874
1657140074 187.874
1657140075 187.874
1657140075 187.874
1657140076 187.874
1657140076 187.874
1657140076 187.874
1657140077 187.874
1657140077 187.874
1657140077 187.874
1657140078 187.874
1657140078 187.874
1657140078 187.874
1657140079 187.874
1657140079 187.874
1657140080 187.874
1657140080 187.874
1657140080 187.874
1657140081 187.874
1657140081 187.874
1657140081 187.874
1657140082 187.874
1657140082 187.874
1657140082 187.874
1657140082 187.874
1657140083 187.874
1657140083 187.874