1657139346 89.645
1657139347 89.645
1657139347 89.645
1657139347 89.645
1657139348 89.645
1657139348 89.645
1657139348 89.645
1657139349 89.645
1657139349 89.645
1657139350 89.645
1657139350 89.645
1657139350 89.645
1657139351 89.645
1657139351 89.645
1657139351 89.645
1657139352 89.645
1657139352 89.645
1657139352 89.645
1657139353 89.645
1657139353 89.645
1657139353 89.645
1657139354 89.645
1657139354 89.645
1657139354 89.645
1657139355 89.645
1657139356 89.645
1657139356 89.645
1657139357 89.645
1657139358 89.645
1657139358 89.645
1657139359 89.645
1657139359 89.645
1657139359 89.645
1657139360 89.645
1657139360 89.645
1657139360 89.645
1657139361 89.645
1657139361 89.645
1657139361 89.645
1657139362 89.645
1657139362 89.645
1657139362 89.645
1657139363 89.645
1657139363 89.645
1657139363 89.645
1657139364 89.645
1657139364 89.645
1657139364 89.645
1657139365 89.645
1657139365 89.645
1657139365 89.645
1657139366 89.645
1657139366 89.645
1657139366 89.645
1657139367 89.645
1657139367 89.645
1657139367 89.645
1657139368 89.645
1657139368 89.645
1657139368 89.645
1657139369 89.645
1657139370 89.645
1657139370 89.645
1657139370 89.645
1657139371 89.645
1657139371 89.645
1657139371 89.645
1657139372 89.645
1657139372 89.645
1657139372 89.645
1657139373 89.645
1657139373 89.645
1657139374 89.645
1657139374 89.645
1657139374 89.645
1657139375 89.645
1657139375 89.645
1657139375 89.645
1657139376 89.645
1657139376 89.645
1657139376 89.645
1657139377 93.460
1657139377 93.460
1657139377 93.460
1657139378 93.460
1657139378 93.460
1657139378 93.460
1657139379 93.460
1657139379 93.460
1657139380 93.460
1657139380 93.460
1657139381 93.460
1657139381 93.460
1657139381 93.460
1657139382 93.460
1657139382 93.460
1657139382 93.460
1657139383 93.460
1657139383 93.460
1657139383 93.460
1657139384 93.460
1657139384 93.460
1657139384 93.460
1657139385 93.460
1657139385 93.460
1657139386 93.460
1657139386 93.460
1657139386 93.460
1657139387 93.460
1657139387 93.460
1657139387 93.460
1657139388 93.460
1657139388 93.460
1657139388 93.460
1657139389 93.460
1657139389 93.460
1657139389 93.460
1657139390 93.460
1657139390 93.460
1657139391 93.460
1657139391 93.460
1657139392 93.460
1657139392 93.460
1657139392 93.460
1657139393 93.460
1657139393 93.460
1657139393 93.460
1657139394 93.460
1657139394 93.460
1657139394 93.460
1657139395 93.460
1657139395 93.460
1657139395 93.460
1657139396 93.460
1657139396 93.460
1657139396 93.460
1657139397 93.460
1657139397 93.460
1657139398 93.460
1657139398 93.460
1657139398 93.460
1657139399 93.460
1657139399 93.460
1657139399 93.460
1657139400 93.460
1657139400 93.460
1657139400 93.460
1657139401 93.460
1657139401 93.460
1657139402 93.460
1657139402 93.460
1657139403 93.460
1657139403 93.460
1657139403 93.460
1657139404 93.460
1657139404 93.460
1657139404 93.460
1657139405 93.460
1657139405 93.460
1657139405 93.460
1657139406 93.460
1657139406 93.460
1657139406 91.553
1657139407 91.553
1657139407 91.553
1657139407 91.553
1657139408 91.553
1657139408 91.553
1657139408 91.553
1657139409 91.553
1657139409 91.553
1657139409 91.553
1657139410 91.553
1657139410 91.553
1657139410 91.553
1657139411 91.553
1657139411 91.553
1657139411 91.553
1657139412 91.553
1657139412 91.553
1657139412 91.553
1657139413 91.553
1657139413 91.553
1657139414 91.553
1657139415 91.553
1657139415 91.553
1657139416 91.553
1657139416 91.553
1657139417 91.553
1657139417 91.553
1657139418 91.553
1657139418 91.553
1657139418 91.553
1657139418 91.553
1657139419 91.553
1657139419 91.553
1657139419 91.553
1657139420 91.553
1657139420 91.553
1657139421 91.553
1657139421 91.553
1657139421 91.553
1657139422 91.553
1657139422 91.553
1657139422 91.553
1657139423 91.553
1657139423 91.553
1657139423 91.553
1657139424 91.553
1657139424 91.553
1657139424 91.553
1657139425 91.553
1657139425 91.553
1657139425 91.553
1657139426 91.553
1657139426 91.553
1657139426 91.553
1657139427 91.553
1657139428 91.553
1657139428 91.553
1657139429 91.553
1657139429 91.553
1657139429 91.553
1657139430 91.553
1657139430 91.553
1657139430 91.553
1657139431 91.553
1657139431 91.553
1657139431 91.553
1657139432 91.553
1657139432 91.553
1657139432 91.553
1657139433 91.553
1657139433 91.553
1657139434 91.553
1657139434 91.553
1657139434 91.553
1657139435 91.553
1657139435 91.553
1657139435 91.553
1657139436 91.553
1657139436 91.553
1657139436 91.553
1657139437 99.182
1657139437 99.182
1657139437 99.182
1657139438 99.182
1657139438 99.182
1657139439 99.182
1657139439 99.182
1657139439 99.182
1657139440 99.182
1657139440 99.182
1657139440 99.182
1657139441 99.182
1657139441 99.182
1657139441 99.182
1657139442 99.182
1657139442 99.182
1657139442 99.182
1657139443 99.182
1657139443 99.182
1657139444 99.182
1657139444 99.182
1657139444 99.182
1657139445 99.182
1657139445 99.182
1657139445 99.182
1657139446 99.182
1657139446 99.182
1657139446 99.182
1657139447 99.182
1657139447 99.182
1657139447 99.182
1657139448 99.182
1657139448 99.182
1657139448 99.182
1657139449 99.182
1657139450 99.182
1657139450 99.182
1657139450 99.182
1657139451 99.182
1657139451 99.182
1657139451 99.182
1657139452 99.182
1657139452 99.182
1657139452 99.182
1657139453 99.182
1657139453 99.182
1657139453 99.182
1657139454 99.182
1657139454 99.182
1657139454 99.182
1657139455 99.182
1657139455 99.182
1657139455 99.182
1657139456 99.182
1657139456 99.182
1657139456 99.182
1657139457 99.182
1657139457 99.182
1657139458 99.182
1657139458 99.182
1657139459 99.182
1657139459 99.182
1657139459 99.182
1657139460 99.182
1657139460 99.182
1657139461 99.182
1657139461 99.182
1657139462 99.182
1657139462 99.182
1657139462 99.182
1657139463 99.182
1657139463 99.182
1657139463 99.182
1657139464 99.182
1657139464 99.182
1657139464 99.182
1657139465 99.182
1657139465 99.182
1657139465 99.182
1657139466 99.182
1657139466 99.182
1657139466 96.321
1657139467 96.321
1657139467 96.321
1657139467 96.321
1657139468 96.321
1657139468 96.321
1657139468 96.321
1657139469 96.321
1657139469 96.321
1657139469 96.321
1657139470 96.321
1657139470 96.321
1657139470 96.321
1657139471 96.321
1657139471 96.321
1657139471 96.321
1657139472 96.321
1657139473 96.321
1657139473 96.321
1657139474 96.321
1657139474 96.321
1657139475 96.321
1657139475 96.321
1657139476 96.321
1657139476 96.321
1657139476 96.321
1657139477 96.321
1657139477 96.321
1657139477 96.321
1657139478 96.321
1657139478 96.321
1657139479 96.321
1657139479 96.321
1657139479 96.321
1657139480 96.321
1657139480 96.321
1657139480 96.321
1657139481 96.321
1657139481 96.321
1657139481 96.321
1657139482 96.321
1657139482 96.321
1657139482 96.321
1657139483 96.321
1657139483 96.321
1657139483 96.321
1657139484 96.321
1657139484 96.321
1657139484 96.321
1657139485 96.321
1657139485 96.321
1657139486 96.321
1657139486 96.321
1657139487 96.321
1657139487 96.321
1657139488 96.321
1657139488 96.321
1657139488 96.321
1657139489 96.321
1657139490 96.321
1657139490 96.321
1657139490 96.321
1657139491 96.321
1657139491 96.321
1657139491 96.321
1657139492 96.321
1657139492 96.321
1657139492 96.321
1657139493 96.321
1657139493 96.321
1657139493 96.321
1657139494 96.321
1657139494 96.321
1657139494 96.321
1657139495 96.321
1657139495 96.321
1657139495 96.321
1657139496 96.321
1657139496 96.321
1657139497 102.043
1657139497 102.043
1657139497 102.043
1657139498 102.043
1657139498 102.043
1657139499 102.043
1657139499 102.043
1657139499 102.043
1657139500 102.043
1657139500 102.043
1657139500 102.043
1657139501 102.043
1657139501 102.043
1657139501 102.043
1657139502 102.043
1657139502 102.043
1657139503 102.043
1657139503 102.043
1657139503 102.043
1657139504 102.043
1657139504 102.043
1657139504 102.043
1657139505 102.043
1657139505 102.043
1657139505 102.043
1657139506 102.043
1657139506 102.043
1657139506 102.043
1657139507 102.043
1657139507 102.043
1657139507 102.043
1657139508 102.043
1657139508 102.043
1657139508 102.043
1657139509 102.043
1657139510 102.043
1657139510 102.043
1657139511 102.043
1657139511 102.043
1657139511 102.043
1657139512 102.043
1657139512 102.043
1657139512 102.043
1657139513 102.043
1657139513 102.043
1657139513 102.043
1657139514 102.043
1657139514 102.043
1657139515 102.043
1657139515 102.043
1657139515 102.043
1657139516 102.043
1657139516 102.043
1657139516 102.043
1657139517 102.043
1657139517 102.043
1657139517 102.043
1657139518 102.043
1657139518 102.043
1657139519 102.043
1657139519 102.043
1657139519 102.043
1657139520 102.043
1657139520 102.043
1657139520 102.043
1657139521 102.043
1657139522 102.043
1657139522 102.043
1657139522 102.043
1657139523 102.043
1657139523 102.043
1657139523 102.043
1657139524 102.043
1657139524 102.043
1657139524 102.043
1657139525 102.043
1657139525 102.043
1657139525 102.043
1657139526 102.043
1657139526 102.043
1657139526 102.043
1657139527 106.812
1657139527 106.812
1657139527 106.812
1657139528 106.812
1657139528 106.812
1657139528 106.812
1657139529 106.812
1657139529 106.812
1657139529 106.812
1657139530 106.812
1657139530 106.812
1657139531 106.812
1657139531 106.812
1657139531 106.812
1657139532 106.812
1657139532 106.812
1657139533 106.812
1657139533 106.812
1657139534 106.812
1657139535 106.812
1657139535 106.812
1657139536 106.812
1657139536 106.812
1657139536 106.812
1657139537 106.812
1657139537 106.812
1657139538 106.812
1657139538 106.812
1657139538 106.812
1657139539 106.812
1657139539 106.812
1657139540 106.812
1657139540 106.812
1657139540 106.812
1657139541 106.812
1657139541 106.812
1657139541 106.812
1657139542 106.812
1657139542 106.812
1657139542 106.812
1657139543 106.812
1657139543 106.812
1657139543 106.812
1657139544 106.812
1657139544 106.812
1657139544 106.812
1657139545 106.812
1657139545 106.812
1657139545 106.812
1657139546 106.812
1657139547 106.812
1657139547 106.812
1657139547 106.812
1657139548 106.812
1657139548 106.812
1657139549 106.812
1657139549 106.812
1657139549 106.812
1657139550 106.812
1657139550 106.812
1657139550 106.812
1657139551 106.812
1657139551 106.812
1657139551 106.812
1657139552 106.812
1657139552 106.812
1657139552 106.812
1657139553 106.812
1657139553 106.812
1657139553 106.812
1657139554 106.812
1657139554 106.812
1657139554 106.812
1657139555 106.812
1657139555 106.812
1657139556 106.812
1657139556 106.812
1657139556 106.812
1657139557 225.067
1657139557 225.067
1657139558 225.067
1657139558 225.067
1657139559 225.067
1657139559 225.067
1657139559 225.067
1657139560 225.067
1657139560 225.067
1657139560 225.067
1657139561 225.067
1657139561 225.067
1657139561 225.067
1657139562 225.067
1657139562 225.067
1657139562 225.067
1657139563 225.067
1657139563 225.067
1657139563 225.067
1657139564 225.067
1657139564 225.067
1657139564 225.067
1657139565 225.067
1657139565 225.067
1657139565 225.067
1657139566 225.067
1657139566 225.067
1657139566 225.067
1657139567 225.067
1657139567 225.067
1657139568 225.067
1657139568 225.067
1657139568 225.067
1657139569 225.067
1657139569 225.067
1657139570 225.067
1657139570 225.067
1657139571 225.067
1657139571 225.067
1657139572 225.067
1657139572 225.067
1657139572 225.067
1657139573 225.067
1657139573 225.067
1657139573 225.067
1657139574 225.067
1657139574 225.067
1657139575 225.067
1657139575 225.067
1657139575 225.067
1657139576 225.067
1657139576 225.067
1657139576 225.067
1657139577 225.067
1657139577 225.067
1657139578 225.067
1657139578 225.067
1657139579 225.067
1657139579 225.067
1657139579 225.067
1657139580 225.067
1657139580 225.067
1657139581 225.067
1657139581 225.067
1657139582 225.067
1657139582 225.067
1657139582 225.067
1657139583 225.067
1657139583 225.067
1657139583 225.067
1657139584 225.067
1657139584 225.067
1657139584 225.067
1657139585 225.067
1657139585 225.067
1657139586 225.067
1657139586 225.067
1657139586 225.067
1657139587 186.920
1657139587 186.920
1657139587 186.920
1657139587 186.920
1657139588 186.920
1657139588 186.920
1657139589 186.920
1657139589 186.920
1657139589 186.920
1657139590 186.920
1657139590 186.920
1657139590 186.920
1657139591 186.920
1657139591 186.920
1657139591 186.920
1657139592 186.920
1657139592 186.920
1657139593 186.920
1657139593 186.920
1657139594 186.920
1657139595 186.920
1657139595 186.920
1657139596 186.920
1657139596 186.920
1657139596 186.920
1657139597 186.920
1657139597 186.920
1657139597 186.920
1657139598 186.920
1657139598 186.920
1657139598 186.920
1657139599 186.920
1657139599 186.920
1657139599 186.920
1657139600 186.920
1657139600 186.920
1657139600 186.920
1657139601 186.920
1657139601 186.920
1657139602 186.920
1657139602 186.920
1657139602 186.920
1657139603 186.920
1657139603 186.920
1657139603 186.920
1657139604 186.920
1657139604 186.920
1657139604 186.920
1657139605 186.920
1657139605 186.920
1657139605 186.920
1657139606 186.920
1657139607 186.920
1657139607 186.920
1657139607 186.920
1657139608 186.920
1657139608 186.920
1657139609 186.920
1657139609 186.920
1657139609 186.920
1657139610 186.920
1657139610 186.920
1657139610 186.920
1657139611 186.920
1657139611 186.920
1657139611 186.920
1657139612 186.920
1657139612 186.920
1657139613 186.920
1657139613 186.920
1657139613 186.920
1657139614 186.920
1657139614 186.920
1657139614 186.920
1657139615 186.920
1657139615 186.920
1657139615 186.920
1657139616 186.920
1657139616 186.920
1657139617 186.920
1657139617 122.070
1657139617 122.070