1657213086 108.719
1657213088 108.719
1657213088 108.719
1657213089 108.719
1657213089 108.719
1657213090 108.719
1657213091 108.719
1657213091 108.719
1657213092 108.719
1657213092 108.719
1657213093 108.719
1657213093 108.719
1657213094 108.719
1657213094 108.719
1657213095 108.719
1657213095 108.719
1657213095 108.719
1657213096 108.719
1657213096 108.719
1657213096 108.719
1657213097 108.719
1657213097 108.719
1657213098 108.719
1657213098 108.719
1657213098 108.719
1657213099 108.719
1657213099 108.719
1657213099 108.719
1657213100 108.719
1657213100 108.719
1657213100 108.719
1657213101 108.719
1657213101 108.719
1657213102 108.719
1657213103 108.719
1657213104 108.719
1657213104 108.719
1657213105 108.719
1657213105 108.719
1657213106 108.719
1657213106 108.719
1657213107 108.719
1657213107 108.719
1657213108 108.719
1657213108 108.719
1657213109 108.719
1657213110 108.719
1657213111 108.719
1657213111 108.719
1657213112 108.719
1657213112 108.719
1657213113 108.719
1657213113 108.719
1657213113 108.719
1657213114 108.719
1657213114 108.719
1657213114 108.719
1657213115 108.719
1657213115 108.719
1657213116 108.719
1657213116 108.719
1657213117 147.820
1657213117 108.719
1657213118 108.719
1657213118 108.719
1657213118 108.719
1657213119 108.719
1657213119 147.820
1657213119 147.820
1657213120 147.820
1657213120 147.820
1657213121 108.719
1657213121 147.820
1657213121 147.820
1657213122 147.820
1657213122 147.820
1657213122 147.820
1657213123 147.820
1657213123 147.820
1657213124 147.820
1657213124 147.820
1657213124 147.820
1657213125 147.820
1657213125 147.820
1657213126 147.820
1657213126 147.820
1657213126 147.820
1657213127 147.820
1657213127 147.820
1657213127 147.820
1657213128 147.820
1657213128 147.820
1657213129 147.820
1657213129 147.820
1657213130 147.820
1657213131 147.820
1657213131 147.820
1657213132 147.820
1657213132 147.820
1657213132 147.820
1657213133 147.820
1657213133 147.820
1657213133 147.820
1657213134 147.820
1657213135 147.820
1657213135 147.820
1657213135 147.820
1657213136 147.820
1657213136 147.820
1657213136 147.820
1657213137 147.820
1657213137 147.820
1657213138 147.820
1657213139 147.820
1657213139 147.820
1657213139 147.820
1657213140 147.820
1657213140 147.820
1657213141 147.820
1657213141 147.820
1657213141 147.820
1657213142 147.820
1657213142 147.820
1657213143 147.820
1657213143 147.820
1657213144 147.820
1657213144 147.820
1657213144 147.820
1657213145 147.820
1657213145 147.820
1657213146 147.820
1657213146 147.820
1657213146 147.820
1657213147 138.283
1657213147 138.283
1657213148 138.283
1657213148 138.283
1657213148 138.283
1657213149 138.283
1657213149 138.283
1657213150 138.283
1657213150 138.283
1657213151 147.820
1657213151 138.283
1657213151 138.283
1657213152 138.283
1657213152 138.283
1657213153 138.283
1657213153 138.283
1657213153 138.283
1657213154 138.283
1657213154 138.283
1657213155 138.283
1657213155 138.283
1657213156 138.283
1657213156 138.283
1657213157 138.283
1657213157 138.283
1657213157 138.283
1657213158 138.283
1657213158 138.283
1657213158 138.283
1657213159 138.283
1657213159 138.283
1657213160 138.283
1657213160 138.283
1657213160 138.283
1657213161 138.283
1657213161 138.283
1657213162 138.283
1657213162 138.283
1657213163 138.283
1657213163 138.283
1657213164 138.283
1657213165 138.283
1657213165 138.283
1657213165 138.283
1657213166 138.283
1657213167 138.283
1657213168 138.283
1657213168 138.283
1657213168 138.283
1657213169 138.283
1657213169 138.283
1657213170 138.283
1657213170 138.283
1657213170 138.283
1657213171 138.283
1657213171 138.283
1657213172 138.283
1657213172 138.283
1657213172 138.283
1657213173 138.283
1657213173 138.283
1657213173 138.283
1657213174 138.283
1657213174 138.283
1657213175 138.283
1657213175 138.283
1657213175 138.283
1657213176 138.283
1657213176 138.283
1657213176 138.283
1657213177 138.283
1657213177 156.403
1657213178 156.403
1657213178 156.403
1657213179 156.403
1657213179 156.403
1657213180 138.283
1657213180 138.283
1657213181 138.283
1657213181 156.403
1657213181 156.403
1657213182 155.449
1657213182 155.449
1657213182 155.449
1657213183 156.403
1657213183 155.449
1657213184 156.403
1657213184 156.403
1657213184 156.403
1657213185 155.449
1657213185 155.449
1657213185 155.449
1657213186 156.403
1657213186 156.403
1657213186 155.449
1657213187 156.403
1657213187 156.403
1657213187 155.449
1657213188 155.449
1657213188 156.403
1657213188 155.449
1657213189 155.449
1657213189 156.403
1657213190 156.403
1657213190 156.403
1657213191 156.403
1657213191 155.449
1657213192 156.403
1657213193 156.403
1657213193 155.449
1657213194 155.449
1657213194 155.449
1657213195 155.449
1657213195 155.449
1657213195 155.449
1657213196 156.403
1657213196 155.449
1657213196 155.449
1657213197 156.403
1657213197 155.449
1657213198 155.449
1657213199 156.403
1657213199 156.403
1657213200 156.403
1657213200 155.449
1657213201 156.403
1657213201 156.403
1657213202 156.403
1657213202 156.403
1657213202 156.403
1657213203 155.449
1657213203 156.403
1657213204 155.449
1657213204 155.449
1657213205 156.403
1657213205 155.449
1657213206 155.449
1657213206 156.403
1657213207 155.449
1657213207 155.449
1657213207 155.449
1657213208 117.302
1657213208 155.449
1657213209 155.449
1657213209 117.302
1657213209 117.302
1657213210 155.449
1657213210 117.302
1657213210 117.302
1657213211 117.302
1657213211 122.070
1657213211 122.070
1657213212 122.070
1657213212 122.070
1657213212 117.302
1657213213 117.302
1657213213 117.302
1657213214 117.302
1657213214 122.070
1657213214 117.302
1657213215 122.070
1657213215 122.070
1657213216 117.302
1657213217 122.070
1657213217 117.302
1657213218 122.070
1657213218 117.302
1657213218 122.070
1657213219 122.070
1657213219 122.070
1657213220 117.302
1657213220 122.070
1657213220 122.070
1657213221 117.302
1657213221 117.302
1657213222 122.070
1657213222 117.302
1657213223 122.070
1657213224 122.070
1657213224 117.302
1657213224 117.302
1657213225 117.302
1657213225 117.302
1657213225 117.302
1657213226 122.070
1657213226 122.070
1657213226 117.302
1657213227 122.070
1657213228 117.302
1657213229 117.302
1657213230 122.070
1657213230 117.302
1657213231 117.302
1657213231 117.302
1657213232 117.302
1657213232 122.070
1657213233 117.302
1657213233 117.302
1657213233 117.302
1657213234 122.070
1657213234 117.302
1657213235 122.070
1657213235 117.302
1657213235 122.070
1657213236 117.302
1657213236 122.070
1657213237 153.542
1657213237 122.070
1657213237 122.070
1657213238 122.070
1657213238 153.542
1657213238 122.070
1657213239 122.070
1657213239 153.542
1657213239 153.542
1657213240 122.070
1657213241 153.542
1657213241 153.542
1657213242 153.542
1657213242 153.542
1657213242 153.542
1657213243 153.542
1657213243 153.542
1657213243 153.542
1657213244 153.542
1657213244 153.542
1657213244 153.542
1657213245 153.542
1657213245 153.542
1657213245 153.542
1657213246 153.542
1657213246 153.542
1657213247 153.542
1657213247 153.542
1657213247 153.542
1657213248 153.542
1657213248 153.542
1657213249 153.542
1657213250 153.542
1657213250 153.542
1657213250 153.542
1657213251 153.542
1657213251 153.542
1657213251 153.542
1657213252 153.542
1657213253 153.542
1657213253 153.542
1657213254 153.542
1657213255 153.542
1657213255 153.542
1657213256 153.542
1657213256 153.542
1657213256 153.542
1657213257 153.542
1657213257 153.542
1657213258 153.542
1657213258 153.542
1657213259 153.542
1657213259 153.542
1657213260 153.542
1657213260 153.542
1657213260 153.542
1657213261 153.542
1657213261 153.542
1657213262 153.542
1657213262 153.542
1657213262 153.542
1657213263 153.542
1657213263 153.542
1657213263 153.542
1657213264 153.542
1657213264 153.542
1657213264 153.542
1657213265 153.542
1657213265 153.542
1657213266 153.542
1657213267 117.302
1657213267 153.542
1657213268 117.302
1657213268 153.542
1657213268 117.302
1657213269 153.542
1657213269 153.542
1657213270 117.302
1657213270 153.542
1657213270 117.302
1657213271 117.302
1657213271 117.302
1657213271 117.302
1657213272 117.302
1657213272 117.302
1657213273 117.302
1657213273 117.302
1657213273 117.302
1657213274 117.302
1657213274 117.302
1657213274 117.302
1657213275 117.302
1657213275 117.302
1657213276 117.302
1657213277 117.302
1657213277 117.302
1657213278 117.302
1657213278 117.302
1657213279 117.302
1657213279 117.302
1657213280 117.302
1657213280 117.302
1657213281 117.302
1657213281 117.302
1657213282 117.302
1657213282 117.302
1657213282 117.302
1657213283 117.302
1657213283 117.302
1657213284 117.302
1657213284 117.302
1657213285 117.302
1657213285 117.302
1657213286 117.302
1657213286 117.302
1657213286 117.302
1657213287 117.302
1657213287 117.302
1657213287 117.302
1657213288 117.302
1657213288 117.302
1657213289 117.302
1657213289 117.302
1657213290 117.302
1657213290 117.302
1657213291 117.302
1657213291 117.302
1657213292 117.302
1657213292 117.302
1657213292 117.302
1657213293 117.302
1657213293 117.302
1657213294 117.302
1657213294 117.302
1657213294 117.302
1657213295 117.302
1657213295 117.302
1657213295 117.302
1657213296 117.302
1657213296 117.302
1657213297 140.190
1657213297 140.190
1657213297 117.302
1657213298 117.302
1657213298 117.302
1657213298 117.302
1657213299 117.302
1657213299 117.302
1657213300 117.302
1657213300 140.190
1657213300 117.302
1657213301 163.078
1657213301 163.078
1657213302 140.190
1657213302 140.190
1657213303 140.190
1657213303 163.078
1657213304 163.078
1657213304 163.078
1657213304 140.190
1657213305 163.078
1657213305 163.078
1657213305 140.190
1657213306 163.078
1657213306 140.190
1657213307 163.078
1657213307 163.078
1657213307 140.190
1657213308 140.190
1657213308 163.078
1657213308 140.190
1657213309 140.190
1657213309 163.078
1657213309 140.190
1657213310 140.190
1657213310 140.190
1657213310 163.078
1657213311 140.190
1657213311 140.190
1657213311 140.190
1657213312 140.190
1657213312 163.078
1657213313 140.190
1657213314 140.190
1657213315 163.078
1657213316 140.190
1657213316 163.078
1657213317 163.078
1657213317 163.078
1657213318 163.078
1657213318 140.190
1657213319 163.078
1657213319 163.078
1657213320 140.190
1657213320 163.078
1657213320 140.190
1657213321 140.190
1657213321 140.190
1657213322 163.078
1657213322 163.078
1657213322 163.078
1657213323 140.190
1657213323 140.190
1657213323 163.078
1657213324 140.190
1657213324 163.078
1657213324 163.078
1657213325 140.190
1657213325 140.190
1657213326 140.190
1657213326 140.190
1657213326 140.190
1657213327 163.078
1657213327 185.966
1657213327 185.966
1657213328 185.966
1657213329 163.078
1657213329 185.966
1657213329 163.078
1657213330 185.966
1657213330 185.966
1657213331 185.966
1657213331 185.966
1657213331 185.966
1657213332 185.966
1657213332 185.966
1657213333 185.966
1657213333 185.966
1657213333 185.966
1657213334 185.966
1657213334 185.966
1657213334 185.966
1657213335 185.966
1657213335 185.966
1657213336 185.966
1657213336 185.966
1657213336 185.966
1657213337 185.966
1657213337 185.966
1657213337 185.966
1657213338 185.966
1657213338 185.966
1657213339 185.966
1657213339 185.966
1657213339 185.966
1657213340 185.966
1657213341 185.966
1657213341 185.966
1657213342 185.966
1657213342 185.966
1657213343 185.966
1657213343 185.966
1657213344 185.966
1657213344 185.966
1657213345 185.966
1657213345 185.966
1657213345 185.966
1657213346 185.966
1657213346 185.966
1657213346 185.966
1657213347 185.966
1657213347 185.966
1657213348 185.966
1657213349 185.966
1657213349 185.966
1657213350 185.966
1657213350 185.966
1657213351 185.966
1657213351 185.966
1657213352 185.966
1657213353 185.966
1657213353 185.966
1657213354 185.966
1657213354 185.966
1657213354 185.966
1657213355 185.966
1657213355 185.966
1657213355 185.966
1657213356 185.966
1657213356 185.966
1657213357 185.966
1657213357 185.966
1657213357 185.966
1657213358 185.966
1657213358 185.966
1657213358 164.032
1657213358 185.966
1657213359 185.966
1657213359 185.966
1657213360 164.032
1657213360 185.966
1657213360 185.966
1657213361 185.966
1657213361 164.032
1657213361 164.032
1657213362 164.032
1657213362 164.032
1657213363 164.032
1657213363 164.032
1657213363 164.032
1657213364 164.032
1657213365 164.032
1657213365 164.032
1657213366 164.032
1657213366 164.032
1657213366 164.032
1657213367 164.032
1657213367 164.032
1657213367 164.032
1657213368 164.032
1657213368 164.032
1657213369 164.032
1657213369 164.032
1657213370 164.032
1657213370 164.032
1657213370 164.032
1657213371 164.032
1657213371 164.032
1657213372 164.032
1657213372 164.032
1657213373 164.032
1657213373 164.032
1657213373 164.032
1657213374 164.032
1657213374 164.032
1657213374 164.032
1657213375 164.032
1657213375 164.032
1657213375 164.032
1657213376 164.032
1657213377 164.032
1657213377 164.032
1657213378 164.032
1657213379 164.032
1657213380 164.032
1657213380 164.032
1657213381 164.032
1657213381 164.032
1657213381 164.032
1657213382 164.032
1657213382 164.032
1657213382 164.032
1657213383 164.032
1657213383 164.032
1657213383 164.032
1657213384 164.032
1657213384 164.032
1657213384 164.032
1657213385 164.032
1657213385 164.032
1657213386 164.032
1657213386 164.032
1657213386 164.032
1657213387 164.032
1657213387 164.032
1657213387 190.735
1657213388 190.735
1657213388 164.032
1657213388 164.032
1657213389 164.032
1657213389 164.032
1657213390 164.032
1657213390 190.735
1657213391 190.735
1657213391 190.735
1657213392 190.735
1657213392 190.735
1657213393 190.735
1657213393 190.735
1657213394 190.735
1657213394 190.735
1657213395 190.735
1657213395 190.735
1657213395 190.735
1657213396 190.735
1657213397 190.735
1657213397 190.735
1657213397 190.735
1657213398 190.735
1657213398 190.735
1657213398 190.735
1657213399 190.735
1657213399 190.735
1657213399 190.735
1657213400 190.735
1657213400 190.735
1657213401 190.735
1657213401 190.735
1657213402 190.735
1657213403 190.735
1657213403 190.735
1657213404 190.735
1657213404 190.735
1657213405 190.735
1657213405 190.735
1657213405 190.735
1657213406 190.735
1657213406 190.735
1657213407 190.735
1657213407 190.735
1657213407 190.735
1657213408 190.735
1657213409 190.735
1657213409 190.735
1657213410 190.735
1657213410 190.735
1657213410 190.735
1657213411 190.735
1657213411 190.735
1657213411 190.735
1657213412 190.735
1657213412 190.735
1657213413 190.735
1657213413 190.735
1657213414 190.735
1657213414 190.735
1657213415 190.735
1657213415 190.735
1657213416 190.735
1657213416 190.735
1657213416 190.735
1657213417 163.078
1657213417 190.735
1657213417 163.078
1657213418 163.078
1657213419 190.735
1657213419 163.078
1657213419 163.078
1657213420 190.735
1657213421 163.078
1657213421 163.078
1657213421 163.078
1657213422 163.078
1657213422 163.078
1657213422 163.078
1657213423 163.078
1657213423 163.078
1657213424 163.078
1657213424 163.078
1657213424 163.078
1657213425 163.078
1657213425 163.078
1657213425 163.078
1657213426 163.078
1657213426 163.078
1657213427 163.078
1657213427 163.078
1657213428 163.078
1657213428 163.078
1657213429 163.078
1657213429 163.078
1657213429 163.078
1657213430 163.078
1657213430 163.078
1657213430 163.078
1657213431 163.078
1657213431 163.078
1657213432 163.078
1657213432 163.078
1657213433 163.078
1657213433 163.078
1657213434 163.078
1657213434 163.078
1657213434 163.078
1657213435 163.078
1657213435 163.078
1657213435 163.078
1657213436 163.078
1657213436 163.078
1657213436 163.078
1657213437 163.078
1657213437 163.078
1657213438 163.078
1657213439 163.078
1657213440 163.078
1657213440 163.078
1657213441 163.078
1657213441 163.078
1657213442 163.078
1657213442 163.078
1657213442 163.078
1657213443 163.078
1657213443 163.078
1657213444 163.078
1657213444 163.078
1657213444 163.078
1657213445 163.078
1657213445 163.078
1657213445 163.078
1657213446 163.078
1657213446 163.078
1657213447 163.078
1657213447 193.596
1657213447 193.596
1657213448 193.596
1657213448 193.596
1657213448 193.596
1657213449 193.596
1657213449 193.596
1657213450 193.596
1657213450 163.078
1657213450 163.078
1657213451 193.596
1657213451 193.596
1657213451 193.596
1657213452 193.596
1657213453 193.596
1657213453 193.596
1657213454 193.596
1657213454 193.596
1657213454 193.596
1657213455 193.596
1657213455 193.596
1657213456 193.596
1657213456 193.596
1657213456 193.596
1657213457 193.596
1657213457 193.596
1657213457 193.596
1657213458 193.596
1657213458 193.596
1657213458 193.596
1657213459 193.596
1657213459 193.596
1657213460 193.596
1657213460 193.596
1657213460 193.596
1657213461 193.596
1657213461 193.596
1657213462 193.596
1657213462 193.596
1657213463 193.596
1657213463 193.596
1657213464 193.596
1657213465 193.596
1657213465 193.596
1657213465 193.596
1657213466 193.596
1657213466 193.596
1657213467 193.596
1657213467 193.596
1657213468 193.596
1657213468 193.596
1657213469 193.596
1657213469 193.596
1657213470 193.596
1657213470 193.596
1657213471 193.596
1657213471 193.596
1657213471 193.596
1657213472 193.596
1657213472 193.596
1657213473 193.596
1657213473 193.596
1657213473 193.596
1657213474 193.596
1657213474 193.596
1657213474 193.596
1657213475 193.596
1657213475 193.596
1657213476 193.596
1657213476 193.596
1657213477 193.596
1657213477 193.596
1657213478 193.596
1657213478 193.596
1657213478 193.596
1657213479 108.719
1657213479 193.596
1657213480 193.596
1657213480 193.596
1657213480 108.719
1657213481 170.708
1657213481 108.719
1657213481 108.719
1657213482 170.708
1657213482 108.719
1657213483 108.719
1657213483 170.708
1657213483 108.719
1657213484 108.719
1657213484 170.708
1657213484 108.719
1657213485 108.719
1657213485 108.719
1657213485 170.708
1657213486 170.708
1657213486 170.708
1657213486 108.719
1657213487 170.708
1657213487 108.719
1657213487 170.708
1657213488 108.719
1657213489 170.708
1657213489 108.719
1657213489 108.719
1657213490 170.708
1657213490 170.708
1657213491 170.708
1657213491 108.719
1657213491 108.719
1657213492 170.708
1657213492 108.719
1657213493 108.719
1657213493 170.708
1657213493 170.708
1657213494 108.719
1657213494 108.719
1657213495 170.708
1657213495 108.719
1657213495 108.719
1657213496 170.708
1657213496 108.719
1657213496 108.719
1657213497 170.708
1657213497 170.708
1657213497 108.719
1657213498 170.708
1657213499 108.719
1657213499 170.708
1657213500 108.719
1657213500 170.708
1657213501 108.719
1657213501 170.708
1657213502 170.708
1657213503 170.708
1657213503 108.719
1657213504 108.719
1657213504 108.719
1657213504 108.719
1657213505 108.719
1657213505 170.708
1657213506 108.719
1657213506 170.708
1657213506 170.708
1657213507 170.708
1657213507 136.375
1657213507 136.375
1657213508 136.375
1657213508 170.708
1657213508 170.708
1657213509 170.708
1657213509 170.708
1657213510 136.375
1657213510 170.708
1657213510 170.708
1657213511 157.356
1657213511 136.375
1657213511 136.375
1657213512 136.375
1657213512 136.375
1657213512 157.356
1657213513 136.375
1657213513 157.356
1657213514 136.375
1657213514 157.356
1657213515 136.375
1657213515 136.375
1657213516 157.356
1657213516 136.375
1657213516 157.356
1657213517 157.356
1657213517 157.356
1657213518 136.375
1657213518 157.356
1657213519 157.356
1657213519 157.356
1657213519 136.375
1657213520 157.356
1657213520 136.375
1657213520 157.356
1657213521 157.356
1657213521 157.356
1657213522 157.356
1657213522 136.375
1657213523 136.375
1657213523 157.356
1657213524 136.375
1657213524 157.356
1657213525 157.356
1657213525 136.375
1657213525 157.356
1657213526 136.375
1657213527 136.375
1657213527 136.375
1657213527 136.375
1657213528 157.356
1657213528 136.375
1657213529 157.356
1657213529 136.375
1657213530 157.356
1657213530 136.375
1657213531 157.356
1657213531 157.356
1657213531 136.375
1657213532 136.375
1657213532 136.375
1657213532 157.356
1657213533 157.356
1657213533 136.375
1657213533 157.356
1657213534 136.375
1657213534 136.375
1657213534 136.375
1657213535 157.356
1657213535 136.375
1657213536 136.375
1657213536 157.356
1657213536 157.356
1657213537 170.708
1657213537 157.356
1657213538 170.708
1657213539 170.708
1657213539 157.356
1657213539 170.708
1657213540 157.356
1657213541 157.356
1657213541 170.708
1657213542 170.708
1657213542 170.708
1657213542 170.708
1657213543 170.708
1657213543 170.708
1657213543 170.708
1657213544 170.708
1657213544 170.708
1657213544 170.708
1657213545 170.708
1657213545 170.708
1657213545 170.708
1657213546 170.708
1657213546 170.708
1657213547 170.708
1657213547 170.708
1657213547 170.708
1657213548 170.708
1657213548 170.708
1657213548 170.708
1657213549 170.708
1657213549 170.708
1657213550 170.708
1657213551 170.708
1657213551 170.708
1657213551 170.708
1657213552 170.708
1657213552 170.708
1657213553 170.708
1657213553 170.708
1657213553 170.708
1657213554 170.708
1657213554 170.708
1657213555 170.708
1657213555 170.708
1657213555 170.708
1657213556 170.708
1657213556 170.708
1657213557 170.708
1657213557 170.708
1657213557 170.708
1657213558 170.708
1657213558 170.708
1657213559 170.708
1657213559 170.708
1657213559 170.708
1657213560 170.708
1657213560 170.708
1657213561 170.708
1657213561 170.708
1657213562 170.708
1657213562 170.708
1657213563 170.708
1657213563 170.708
1657213564 170.708
1657213565 170.708
1657213565 170.708
1657213566 170.708
1657213566 170.708
1657213566 170.708
1657213567 192.642
1657213567 192.642
1657213568 170.708
1657213568 192.642
1657213568 192.642
1657213569 170.708
1657213569 170.708
1657213569 170.708
1657213570 170.708
1657213570 170.708
1657213570 192.642
1657213571 192.642
1657213571 192.642
1657213571 192.642
1657213572 192.642
1657213572 192.642
1657213572 192.642
1657213573 192.642
1657213573 192.642
1657213573 192.642
1657213574 192.642
1657213574 192.642
1657213575 192.642
1657213575 192.642
1657213576 192.642
1657213576 192.642
1657213577 192.642
1657213577 192.642
1657213578 192.642
1657213578 192.642
1657213578 192.642
1657213579 192.642
1657213579 192.642
1657213579 192.642
1657213580 192.642
1657213580 192.642
1657213581 192.642
1657213581 192.642
1657213581 192.642
1657213582 192.642
1657213582 192.642
1657213582 192.642
1657213583 192.642
1657213584 192.642
1657213584 192.642
1657213585 192.642
1657213585 192.642
1657213585 192.642
1657213586 192.642
1657213586 192.642
1657213587 192.642
1657213587 192.642
1657213588 192.642
1657213588 192.642
1657213590 192.642
1657213590 192.642
1657213591 192.642
1657213591 192.642
1657213592 192.642
1657213592 192.642
1657213592 192.642
1657213593 192.642
1657213593 192.642
1657213593 192.642
1657213594 192.642
1657213594 192.642
1657213594 192.642
1657213595 192.642
1657213595 192.642
1657213596 192.642
1657213596 192.642
1657213597 192.642
1657213597 175.476
1657213597 175.476
1657213598 192.642
1657213598 192.642
1657213598 192.642
1657213599 175.476
1657213599 175.476
1657213600 192.642
1657213600 175.476
1657213601 175.476
1657213601 175.476
1657213602 175.476
1657213602 175.476
1657213602 175.476
1657213603 175.476
1657213603 175.476
1657213604 175.476
1657213604 175.476
1657213604 175.476
1657213605 175.476
1657213605 175.476
1657213605 175.476
1657213606 175.476
1657213606 175.476
1657213606 175.476
1657213607 175.476
1657213607 175.476
1657213608 175.476
1657213608 175.476
1657213608 175.476
1657213609 175.476
1657213609 175.476
1657213609 175.476
1657213610 175.476
1657213610 175.476
1657213610 175.476
1657213611 175.476
1657213611 175.476
1657213612 175.476
1657213613 175.476
1657213614 175.476
1657213614 175.476
1657213614 175.476
1657213615 175.476
1657213615 175.476
1657213616 175.476
1657213616 175.476
1657213616 175.476
1657213617 175.476
1657213617 175.476
1657213617 175.476
1657213618 175.476
1657213618 175.476
1657213619 175.476
1657213620 175.476
1657213620 175.476
1657213621 175.476
1657213621 175.476
1657213621 175.476
1657213622 175.476
1657213622 175.476
1657213622 175.476
1657213623 175.476
1657213623 175.476
1657213624 175.476
1657213624 175.476
1657213625 175.476
1657213625 175.476
1657213626 175.476
1657213626 175.476
1657213627 175.476
1657213627 206.947
1657213628 206.947
1657213628 206.947
1657213629 206.947
1657213629 206.947
1657213629 206.947
1657213630 206.947
1657213630 175.476
1657213630 206.947
1657213631 206.947
1657213631 206.947
1657213632 206.947
1657213632 206.947
1657213633 206.947
1657213633 206.947
1657213633 206.947
1657213634 206.947
1657213634 206.947
1657213635 206.947