1657141027 104.904
1657141027 104.904
1657141027 104.904
1657141028 104.904
1657141028 104.904
1657141029 104.904
1657141029 104.904
1657141030 104.904
1657141031 104.904
1657141031 104.904
1657141032 104.904
1657141032 104.904
1657141032 104.904
1657141033 104.904
1657141033 104.904
1657141034 104.904
1657141034 104.904
1657141034 104.904
1657141035 104.904
1657141035 104.904
1657141035 104.904
1657141036 104.904
1657141036 104.904
1657141036 104.904
1657141037 104.904
1657141037 104.904
1657141037 104.904
1657141038 104.904
1657141038 104.904
1657141038 104.904
1657141039 104.904
1657141039 104.904
1657141040 104.904
1657141040 104.904
1657141040 104.904
1657141040 104.904
1657141041 104.904
1657141041 104.904
1657141042 104.904
1657141042 104.904
1657141043 104.904
1657141043 104.904
1657141044 104.904
1657141044 104.904
1657141044 104.904
1657141045 104.904
1657141045 104.904
1657141046 104.904
1657141046 104.904
1657141046 104.904
1657141046 104.904
1657141047 104.904
1657141047 104.904
1657141047 104.904
1657141048 104.904
1657141048 104.904
1657141050 104.904
1657141050 104.904
1657141050 104.904
1657141051 104.904
1657141051 104.904
1657141051 104.904
1657141052 104.904
1657141052 104.904
1657141052 104.904
1657141053 104.904
1657141053 104.904
1657141054 104.904
1657141054 104.904
1657141055 104.904
1657141055 104.904
1657141056 104.904
1657141056 104.904
1657141056 104.904
1657141057 98.228
1657141057 98.228
1657141057 98.228
1657141058 98.228
1657141058 98.228
1657141059 98.228
1657141059 98.228
1657141059 98.228
1657141059 98.228
1657141060 98.228
1657141060 98.228
1657141060 98.228
1657141061 98.228
1657141061 98.228
1657141062 98.228
1657141062 98.228
1657141062 98.228
1657141063 98.228
1657141063 98.228
1657141063 98.228
1657141064 98.228
1657141064 98.228
1657141064 98.228
1657141065 98.228
1657141065 98.228
1657141066 98.228
1657141066 98.228
1657141067 98.228
1657141067 98.228
1657141067 98.228
1657141068 98.228
1657141068 98.228
1657141069 98.228
1657141069 98.228
1657141069 98.228
1657141070 98.228
1657141070 98.228
1657141070 98.228
1657141071 98.228
1657141071 98.228
1657141071 98.228
1657141072 98.228
1657141072 98.228
1657141072 98.228
1657141073 98.228
1657141073 98.228
1657141073 98.228
1657141074 98.228
1657141074 98.228
1657141074 98.228
1657141075 98.228
1657141075 98.228
1657141075 98.228
1657141076 98.228
1657141076 98.228
1657141076 98.228
1657141077 98.228
1657141077 98.228
1657141078 98.228
1657141078 98.228
1657141079 98.228
1657141079 98.228
1657141080 98.228
1657141080 98.228
1657141080 98.228
1657141081 98.228
1657141081 98.228
1657141081 98.228
1657141082 98.228
1657141082 98.228
1657141082 98.228
1657141083 98.228
1657141083 98.228
1657141083 98.228
1657141084 98.228
1657141084 98.228
1657141085 98.228
1657141085 98.228
1657141085 98.228
1657141085 98.228
1657141086 98.228
1657141086 98.228
1657141087 98.228
1657141087 168.800
1657141087 168.800
1657141088 168.800
1657141088 168.800
1657141088 168.800
1657141089 168.800
1657141089 168.800
1657141090 168.800
1657141091 168.800
1657141091 168.800
1657141092 168.800
1657141092 168.800
1657141093 168.800
1657141093 168.800
1657141094 168.800
1657141094 168.800
1657141094 168.800
1657141095 168.800
1657141095 168.800
1657141095 168.800
1657141096 168.800
1657141096 168.800
1657141096 168.800
1657141097 168.800
1657141097 168.800
1657141097 168.800
1657141098 168.800
1657141098 168.800
1657141099 168.800
1657141099 168.800
1657141099 168.800
1657141100 168.800
1657141100 168.800
1657141101 168.800
1657141101 168.800
1657141101 168.800
1657141102 168.800
1657141102 168.800
1657141102 168.800
1657141103 168.800
1657141103 168.800
1657141104 168.800
1657141104 168.800
1657141105 168.800
1657141105 168.800
1657141105 168.800
1657141106 168.800
1657141106 168.800
1657141106 168.800
1657141107 168.800
1657141107 168.800
1657141107 168.800
1657141108 168.800
1657141108 168.800
1657141109 168.800
1657141109 168.800
1657141109 168.800
1657141110 168.800
1657141110 168.800
1657141110 168.800
1657141111 168.800
1657141111 168.800
1657141111 168.800
1657141112 168.800
1657141112 168.800
1657141112 168.800
1657141113 168.800
1657141113 168.800
1657141113 168.800
1657141114 168.800
1657141114 168.800
1657141114 168.800
1657141115 168.800
1657141116 168.800
1657141116 168.800
1657141116 168.800
1657141117 278.473
1657141117 278.473
1657141117 278.473
1657141118 278.473
1657141118 278.473
1657141118 278.473
1657141119 278.473
1657141119 278.473
1657141119 278.473
1657141120 278.473
1657141120 278.473
1657141120 278.473
1657141121 278.473
1657141121 278.473
1657141121 278.473
1657141122 278.473
1657141122 278.473
1657141122 278.473
1657141123 278.473
1657141123 278.473
1657141123 278.473
1657141124 278.473
1657141124 278.473
1657141124 278.473
1657141125 278.473
1657141125 278.473
1657141125 278.473
1657141126 278.473
1657141126 278.473
1657141126 278.473
1657141127 278.473
1657141128 278.473
1657141128 278.473
1657141129 278.473
1657141129 278.473
1657141129 278.473
1657141130 278.473
1657141130 278.473
1657141130 278.473
1657141131 278.473
1657141131 278.473
1657141131 278.473
1657141132 278.473
1657141132 278.473
1657141132 278.473
1657141133 278.473
1657141133 278.473
1657141133 278.473
1657141134 278.473
1657141134 278.473
1657141135 278.473
1657141136 278.473
1657141136 278.473
1657141136 278.473
1657141137 278.473
1657141137 278.473
1657141138 278.473
1657141138 278.473
1657141138 278.473
1657141139 278.473
1657141139 278.473
1657141140 278.473
1657141140 278.473
1657141141 278.473
1657141141 278.473
1657141141 278.473
1657141142 278.473
1657141142 278.473
1657141142 278.473
1657141143 278.473
1657141143 278.473
1657141143 278.473
1657141144 278.473
1657141144 278.473
1657141144 278.473
1657141145 278.473
1657141145 278.473
1657141146 278.473
1657141146 278.473
1657141146 278.473
1657141148 274.658
1657141148 274.658
1657141148 274.658
1657141149 274.658
1657141149 274.658
1657141149 274.658
1657141150 274.658
1657141150 274.658
1657141150 274.658
1657141151 274.658
1657141151 274.658
1657141152 274.658
1657141153 274.658
1657141153 274.658
1657141154 274.658
1657141154 274.658
1657141155 274.658
1657141155 274.658
1657141155 274.658
1657141156 274.658
1657141156 274.658
1657141156 274.658
1657141157 274.658
1657141157 274.658
1657141157 274.658
1657141158 274.658
1657141158 274.658
1657141159 274.658
1657141159 274.658
1657141159 274.658
1657141160 274.658
1657141160 274.658
1657141160 274.658
1657141161 274.658
1657141161 274.658
1657141161 274.658
1657141162 274.658
1657141162 274.658
1657141162 274.658
1657141163 274.658
1657141163 274.658
1657141163 274.658
1657141164 274.658
1657141164 274.658
1657141165 274.658
1657141165 274.658
1657141166 274.658
1657141166 274.658
1657141166 274.658
1657141167 274.658
1657141167 274.658
1657141167 274.658
1657141168 274.658
1657141168 274.658
1657141168 274.658
1657141169 274.658
1657141169 274.658
1657141169 274.658
1657141170 274.658
1657141170 274.658
1657141170 274.658
1657141171 274.658
1657141171 274.658
1657141172 274.658
1657141172 274.658
1657141172 274.658
1657141173 274.658
1657141173 274.658
1657141173 274.658
1657141174 274.658
1657141174 274.658
1657141174 274.658
1657141175 274.658
1657141175 274.658
1657141175 274.658
1657141176 274.658
1657141176 274.658
1657141177 286.102
1657141177 286.102
1657141177 286.102
1657141178 286.102
1657141178 286.102
1657141179 286.102
1657141179 286.102
1657141179 286.102
1657141180 286.102
1657141180 286.102
1657141180 286.102
1657141181 286.102
1657141181 286.102
1657141181 286.102
1657141182 286.102
1657141182 286.102
1657141182 286.102
1657141183 286.102
1657141183 286.102
1657141183 286.102
1657141184 286.102
1657141184 286.102
1657141184 286.102
1657141185 286.102
1657141185 286.102
1657141185 286.102
1657141186 286.102
1657141186 286.102
1657141186 286.102
1657141187 286.102
1657141187 286.102
1657141188 286.102
1657141188 286.102
1657141188 286.102
1657141189 286.102
1657141189 286.102
1657141189 286.102
1657141190 286.102
1657141190 286.102
1657141190 286.102
1657141191 286.102
1657141191 286.102
1657141191 286.102
1657141192 286.102
1657141192 286.102
1657141192 286.102
1657141193 286.102
1657141193 286.102
1657141194 286.102
1657141194 286.102
1657141194 286.102
1657141195 286.102
1657141195 286.102
1657141195 286.102
1657141196 286.102
1657141196 286.102
1657141196 286.102
1657141197 286.102
1657141197 286.102
1657141197 286.102
1657141198 286.102
1657141199 286.102
1657141199 286.102
1657141199 286.102
1657141200 286.102
1657141200 286.102
1657141200 286.102
1657141201 286.102
1657141201 286.102
1657141202 286.102
1657141202 286.102
1657141203 286.102
1657141203 286.102
1657141203 286.102
1657141204 286.102
1657141204 286.102
1657141205 286.102
1657141205 286.102
1657141205 286.102
1657141206 286.102
1657141206 286.102
1657141207 286.102
1657141207 506.401
1657141207 506.401
1657141208 506.401
1657141208 506.401
1657141208 506.401
1657141209 506.401
1657141209 506.401
1657141209 506.401
1657141210 506.401
1657141211 506.401
1657141211 506.401
1657141212 506.401
1657141213 506.401
1657141213 506.401
1657141214 506.401
1657141214 506.401
1657141214 506.401
1657141215 506.401
1657141215 506.401
1657141215 506.401
1657141216 506.401
1657141216 506.401
1657141216 506.401
1657141217 506.401
1657141217 506.401
1657141217 506.401
1657141218 506.401
1657141218 506.401
1657141218 506.401
1657141219 506.401
1657141219 506.401
1657141220 506.401
1657141220 506.401
1657141220 506.401
1657141221 506.401
1657141221 506.401
1657141221 506.401
1657141222 506.401
1657141222 506.401
1657141222 506.401
1657141223 506.401
1657141223 506.401
1657141223 506.401
1657141224 506.401
1657141225 506.401
1657141225 506.401
1657141225 506.401
1657141226 506.401
1657141226 506.401
1657141226 506.401
1657141227 506.401
1657141227 506.401
1657141227 506.401
1657141228 506.401
1657141228 506.401
1657141229 506.401
1657141229 506.401
1657141229 506.401
1657141230 506.401
1657141230 506.401
1657141230 506.401
1657141231 506.401
1657141231 506.401
1657141231 506.401
1657141232 506.401
1657141232 506.401
1657141232 506.401
1657141233 506.401
1657141233 506.401
1657141233 506.401
1657141234 506.401
1657141234 506.401
1657141234 506.401
1657141235 506.401
1657141235 506.401
1657141236 506.401
1657141236 506.401
1657141237 497.818
1657141237 497.818
1657141237 497.818
1657141238 497.818
1657141238 497.818
1657141238 497.818
1657141239 497.818
1657141239 497.818
1657141239 497.818
1657141240 497.818
1657141240 497.818
1657141240 497.818
1657141241 497.818
1657141241 497.818
1657141241 497.818
1657141242 497.818
1657141242 497.818
1657141242 497.818
1657141243 497.818
1657141243 497.818
1657141243 497.818
1657141244 497.818
1657141244 497.818
1657141245 497.818
1657141245 497.818
1657141245 497.818
1657141245 497.818
1657141246 497.818
1657141246 497.818
1657141246 497.818
1657141247 497.818
1657141248 497.818
1657141248 497.818
1657141248 497.818
1657141249 497.818
1657141249 497.818
1657141249 497.818
1657141249 497.818
1657141250 497.818
1657141250 497.818
1657141250 497.818
1657141251 497.818
1657141251 497.818
1657141251 497.818
1657141252 497.818
1657141252 497.818
1657141252 497.818
1657141253 497.818
1657141253 497.818
1657141253 497.818
1657141254 497.818
1657141254 497.818
1657141254 497.818
1657141255 497.818
1657141255 497.818
1657141256 497.818
1657141256 497.818
1657141256 497.818
1657141257 497.818
1657141257 497.818
1657141258 497.818
1657141258 497.818
1657141259 497.818
1657141259 497.818
1657141259 497.818
1657141260 497.818
1657141260 497.818
1657141260 497.818
1657141261 497.818
1657141261 497.818
1657141261 497.818
1657141262 497.818
1657141262 497.818
1657141262 497.818
1657141263 497.818
1657141263 497.818
1657141263 497.818
1657141264 497.818
1657141264 497.818
1657141264 497.818
1657141265 497.818
1657141265 497.818
1657141265 497.818
1657141266 497.818
1657141266 497.818
1657141266 497.818
1657141267 521.660
1657141267 521.660
1657141267 521.660
1657141268 521.660
1657141268 521.660
1657141268 521.660
1657141269 521.660
1657141269 521.660
1657141270 521.660
1657141271 521.660
1657141271 521.660
1657141272 521.660
1657141272 521.660
1657141273 521.660
1657141273 521.660
1657141274 521.660
1657141274 521.660
1657141274 521.660
1657141275 521.660
1657141275 521.660
1657141275 521.660
1657141276 521.660
1657141276 521.660
1657141276 521.660
1657141277 521.660
1657141277 521.660
1657141277 521.660
1657141278 521.660
1657141278 521.660
1657141278 521.660
1657141279 521.660
1657141279 521.660
1657141279 521.660
1657141280 521.660
1657141280 521.660
1657141281 521.660
1657141281 521.660
1657141281 521.660
1657141282 521.660
1657141282 521.660