1657136167 0.076
1657136167 0.076
1657136167 0.076
1657136168 0.076
1657136168 0.076
1657136168 0.076
1657136169 0.076
1657136169 0.076
1657136169 0.076
1657136170 0.076
1657136170 0.076
1657136170 0.076
1657136171 0.076
1657136172 0.076
1657136172 0.076
1657136173 0.076
1657136174 0.076
1657136174 0.076
1657136175 0.076
1657136175 0.076
1657136175 0.076
1657136176 0.076
1657136176 0.076
1657136176 0.076
1657136177 0.076
1657136177 0.076
1657136177 0.076
1657136178 0.076
1657136178 0.076
1657136178 0.076
1657136179 0.076
1657136179 0.076
1657136179 0.076
1657136180 0.076
1657136180 0.076
1657136180 0.076
1657136181 0.076
1657136181 0.076
1657136181 0.076
1657136182 0.076
1657136183 0.076
1657136183 0.076
1657136183 0.076
1657136184 0.076
1657136184 0.076
1657136184 0.076
1657136185 0.076
1657136185 0.076
1657136186 0.076
1657136186 0.076
1657136187 0.076
1657136187 0.076
1657136187 0.076
1657136188 0.076
1657136188 0.076
1657136189 0.076
1657136189 0.076
1657136189 0.076
1657136190 0.076
1657136190 0.076
1657136190 0.076
1657136191 0.076
1657136191 0.076
1657136191 0.076
1657136192 0.076
1657136192 0.076
1657136192 0.076
1657136193 0.076
1657136193 0.076
1657136193 0.076
1657136194 0.076
1657136194 0.076
1657136194 0.076
1657136195 0.076
1657136195 0.076
1657136195 0.076
1657136196 0.076
1657136196 0.076
1657136196 0.076
1657136197 0.151
1657136197 0.151
1657136198 0.151
1657136198 0.151
1657136199 0.151
1657136199 0.151
1657136199 0.151
1657136200 0.151
1657136200 0.151
1657136200 0.151
1657136201 0.151
1657136201 0.151
1657136201 0.151
1657136202 0.151
1657136202 0.151
1657136202 0.151
1657136203 0.151
1657136203 0.151
1657136203 0.151
1657136204 0.151
1657136204 0.151
1657136204 0.151
1657136205 0.151
1657136205 0.151
1657136206 0.151
1657136206 0.151
1657136206 0.151
1657136207 0.151
1657136207 0.151
1657136207 0.151
1657136208 0.151
1657136208 0.151
1657136208 0.151
1657136209 0.151
1657136209 0.151
1657136210 0.151
1657136210 0.151
1657136210 0.151
1657136211 0.151
1657136211 0.151
1657136211 0.151
1657136212 0.151
1657136212 0.151
1657136212 0.151
1657136213 0.151
1657136213 0.151
1657136213 0.151
1657136214 0.151
1657136214 0.151
1657136215 0.151
1657136215 0.151
1657136215 0.151
1657136216 0.151
1657136216 0.151
1657136216 0.151
1657136217 0.151
1657136217 0.151
1657136217 0.151
1657136218 0.151
1657136218 0.151
1657136219 0.151
1657136219 0.151
1657136219 0.151
1657136220 0.151
1657136220 0.151
1657136221 0.151
1657136221 0.151
1657136222 0.151
1657136222 0.151
1657136222 0.151
1657136223 0.151
1657136223 0.151
1657136223 0.151
1657136224 0.151
1657136224 0.151
1657136224 0.151
1657136225 0.151
1657136225 0.151
1657136225 0.151
1657136226 0.151
1657136226 0.151
1657136227 0.113
1657136227 0.113
1657136227 0.113
1657136228 0.113
1657136228 0.113
1657136228 0.113
1657136229 0.113
1657136229 0.113
1657136229 0.113
1657136230 0.113
1657136230 0.113
1657136230 0.113
1657136231 0.113
1657136231 0.113
1657136231 0.113
1657136232 0.113
1657136232 0.113
1657136233 0.113
1657136234 0.113
1657136234 0.113
1657136235 0.113
1657136236 0.113
1657136236 0.113
1657136236 0.113
1657136237 0.113
1657136237 0.113
1657136237 0.113
1657136238 0.113
1657136238 0.113
1657136238 0.113
1657136239 0.113
1657136239 0.113
1657136239 0.113
1657136240 0.113
1657136240 0.113
1657136240 0.113
1657136241 0.113
1657136241 0.113
1657136241 0.113
1657136242 0.113
1657136242 0.113
1657136242 0.113
1657136243 0.113
1657136243 0.113
1657136243 0.113
1657136244 0.113
1657136244 0.113
1657136244 0.113
1657136245 0.113
1657136245 0.113
1657136246 0.113
1657136246 0.113
1657136247 0.113
1657136247 0.113
1657136247 0.113
1657136248 0.113
1657136248 0.113
1657136249 0.113
1657136249 0.113
1657136249 0.113
1657136250 0.113
1657136250 0.113
1657136250 0.113
1657136251 0.113
1657136251 0.113
1657136251 0.113
1657136252 0.113
1657136252 0.113
1657136252 0.113
1657136253 0.113
1657136253 0.113
1657136254 0.113
1657136254 0.113
1657136254 0.113
1657136255 0.113
1657136255 0.113
1657136255 0.113
1657136256 0.113
1657136256 0.113
1657136256 0.113
1657136257 0.072
1657136257 0.072
1657136258 0.072
1657136258 0.072
1657136259 0.072
1657136259 0.072
1657136259 0.072
1657136260 0.072
1657136260 0.072
1657136261 0.072
1657136261 0.072
1657136261 0.072
1657136262 0.072
1657136262 0.072
1657136262 0.072
1657136263 0.072
1657136263 0.072
1657136263 0.072
1657136264 0.072
1657136264 0.072
1657136264 0.072
1657136265 0.072
1657136265 0.072
1657136266 0.072
1657136266 0.072
1657136266 0.072
1657136267 0.072
1657136267 0.072
1657136267 0.072
1657136268 0.072
1657136268 0.072
1657136268 0.072
1657136269 0.072
1657136269 0.072
1657136270 0.072
1657136270 0.072
1657136271 0.072
1657136271 0.072
1657136271 0.072
1657136272 0.072
1657136272 0.072
1657136272 0.072
1657136273 0.072
1657136273 0.072
1657136273 0.072
1657136274 0.072
1657136274 0.072
1657136274 0.072
1657136275 0.072
1657136275 0.072
1657136276 0.072
1657136276 0.072
1657136276 0.072
1657136277 0.072
1657136277 0.072
1657136277 0.072
1657136278 0.072
1657136278 0.072
1657136278 0.072
1657136279 0.072
1657136279 0.072
1657136279 0.072
1657136280 0.072
1657136281 0.072
1657136281 0.072
1657136281 0.072
1657136282 0.072
1657136282 0.072
1657136282 0.072
1657136283 0.072
1657136283 0.072
1657136283 0.072
1657136284 0.072
1657136284 0.072
1657136284 0.072
1657136285 0.072
1657136285 0.072
1657136285 0.072
1657136286 0.072
1657136286 0.072
1657136287 0.216
1657136287 0.216
1657136287 0.216
1657136288 0.216
1657136288 0.216
1657136288 0.216
1657136289 0.216
1657136289 0.216
1657136290 0.216
1657136290 0.216
1657136290 0.216
1657136291 0.216
1657136292 0.216
1657136292 0.216
1657136293 0.216
1657136293 0.216
1657136294 0.216
1657136295 0.216
1657136295 0.216
1657136295 0.216
1657136296 0.216
1657136296 0.216
1657136296 0.216
1657136297 0.216
1657136297 0.216
1657136297 0.216
1657136298 0.216
1657136298 0.216
1657136299 0.216
1657136299 0.216
1657136299 0.216
1657136300 0.216
1657136300 0.216
1657136300 0.216
1657136301 0.216
1657136301 0.216
1657136301 0.216
1657136302 0.216
1657136302 0.216
1657136302 0.216
1657136303 0.216
1657136303 0.216
1657136303 0.216
1657136304 0.216
1657136304 0.216
1657136305 0.216
1657136305 0.216
1657136306 0.216
1657136306 0.216
1657136307 0.216
1657136307 0.216
1657136307 0.216
1657136308 0.216
1657136308 0.216
1657136309 0.216
1657136309 0.216
1657136309 0.216
1657136310 0.216
1657136310 0.216
1657136310 0.216
1657136310 0.216
1657136311 0.216
1657136311 0.216
1657136311 0.216
1657136312 0.216
1657136312 0.216
1657136313 0.216
1657136313 0.216
1657136313 0.216
1657136314 0.216
1657136314 0.216
1657136314 0.216
1657136315 0.216
1657136315 0.216
1657136315 0.216
1657136316 0.216
1657136316 0.216
1657136316 0.216
1657136317 0.060
1657136317 0.060
1657136318 0.060
1657136318 0.060
1657136319 0.060
1657136319 0.060
1657136319 0.060
1657136320 0.060
1657136320 0.060
1657136320 0.060
1657136321 0.060
1657136321 0.060
1657136321 0.060
1657136322 0.060
1657136322 0.060
1657136322 0.060
1657136323 0.060
1657136323 0.060
1657136323 0.060
1657136324 0.060
1657136324 0.060
1657136324 0.060
1657136325 0.060
1657136325 0.060
1657136325 0.060
1657136326 0.060
1657136326 0.060
1657136326 0.060
1657136327 0.060
1657136327 0.060
1657136327 0.060
1657136328 0.060
1657136328 0.060
1657136329 0.060
1657136329 0.060
1657136330 0.060
1657136330 0.060
1657136330 0.060
1657136331 0.060
1657136331 0.060
1657136331 0.060
1657136332 0.060
1657136332 0.060
1657136332 0.060
1657136333 0.060
1657136333 0.060
1657136333 0.060
1657136334 0.060
1657136334 0.060
1657136334 0.060
1657136335 0.060
1657136335 0.060
1657136335 0.060
1657136336 0.060
1657136336 0.060
1657136336 0.060
1657136337 0.060
1657136337 0.060
1657136337 0.060
1657136338 0.060
1657136338 0.060
1657136339 0.060
1657136339 0.060
1657136339 0.060
1657136340 0.060
1657136340 0.060
1657136341 0.060
1657136341 0.060
1657136341 0.060
1657136342 0.060
1657136342 0.060
1657136342 0.060
1657136343 0.060
1657136343 0.060
1657136344 0.060
1657136344 0.060
1657136344 0.060
1657136345 0.060
1657136345 0.060
1657136345 0.060
1657136346 0.060
1657136346 0.060
1657136346 0.060
1657136347 0.063
1657136347 0.063
1657136347 0.063
1657136348 0.063
1657136348 0.063
1657136348 0.063
1657136349 0.063
1657136349 0.063
1657136349 0.063
1657136350 0.063
1657136350 0.063
1657136350 0.063
1657136351 0.063
1657136351 0.063
1657136352 0.063
1657136352 0.063
1657136353 0.063
1657136353 0.063
1657136354 0.063
1657136355 0.063
1657136355 0.063
1657136356 0.063
1657136356 0.063
1657136356 0.063
1657136357 0.063
1657136357 0.063
1657136357 0.063
1657136358 0.063
1657136358 0.063
1657136358 0.063
1657136359 0.063
1657136359 0.063
1657136359 0.063
1657136360 0.063
1657136360 0.063
1657136360 0.063
1657136361 0.063
1657136361 0.063
1657136361 0.063
1657136362 0.063
1657136362 0.063
1657136363 0.063
1657136363 0.063
1657136363 0.063
1657136364 0.063
1657136364 0.063
1657136364 0.063
1657136365 0.063
1657136365 0.063
1657136365 0.063
1657136366 0.063
1657136367 0.063
1657136367 0.063
1657136367 0.063
1657136368 0.063
1657136368 0.063
1657136369 0.063
1657136369 0.063
1657136369 0.063
1657136370 0.063
1657136370 0.063
1657136370 0.063
1657136371 0.063
1657136371 0.063
1657136371 0.063
1657136372 0.063
1657136372 0.063
1657136372 0.063
1657136373 0.063
1657136373 0.063
1657136373 0.063
1657136374 0.063
1657136374 0.063
1657136374 0.063
1657136375 0.063
1657136375 0.063
1657136376 0.063
1657136376 0.063
1657136376 0.063
1657136377 0.222
1657136377 0.222
1657136377 0.222
1657136378 0.222
1657136378 0.222
1657136380 0.222
1657136380 0.222
1657136380 0.222
1657136381 0.222
1657136381 0.222
1657136381 0.222
1657136382 0.222
1657136382 0.222
1657136383 0.222
1657136383 0.222
1657136383 0.222
1657136383 0.222
1657136384 0.222
1657136384 0.222
1657136384 0.222
1657136385 0.222
1657136385 0.222
1657136385 0.222
1657136386 0.222
1657136386 0.222
1657136386 0.222
1657136387 0.222
1657136387 0.222
1657136388 0.222
1657136388 0.222
1657136388 0.222
1657136389 0.222
1657136389 0.222
1657136389 0.222
1657136390 0.222
1657136391 0.222
1657136391 0.222
1657136391 0.222
1657136392 0.222
1657136393 0.222
1657136393 0.222
1657136393 0.222
1657136394 0.222
1657136394 0.222
1657136394 0.222
1657136395 0.222
1657136395 0.222
1657136395 0.222
1657136396 0.222
1657136396 0.222
1657136396 0.222
1657136397 0.222
1657136397 0.222
1657136398 0.222
1657136398 0.222
1657136398 0.222
1657136399 0.222
1657136399 0.222
1657136399 0.222
1657136400 0.222
1657136400 0.222
1657136401 0.222
1657136401 0.222
1657136402 0.222
1657136402 0.222
1657136402 0.222
1657136403 0.222
1657136403 0.222
1657136403 0.222
1657136404 0.222
1657136404 0.222
1657136404 0.222
1657136405 0.222
1657136405 0.222
1657136405 0.222
1657136406 0.222
1657136406 0.222
1657136407 0.061
1657136407 0.061
1657136407 0.061
1657136408 0.061
1657136408 0.061
1657136408 0.061
1657136409 0.061
1657136409 0.061
1657136409 0.061
1657136410 0.061
1657136410 0.061
1657136410 0.061
1657136411 0.061
1657136411 0.061
1657136411 0.061
1657136412 0.061
1657136412 0.061
1657136412 0.061
1657136413 0.061
1657136413 0.061
1657136414 0.061