1657136167 94.414
1657136167 94.414
1657136167 94.414
1657136168 94.414
1657136168 94.414
1657136168 94.414
1657136169 94.414
1657136169 94.414
1657136169 94.414
1657136170 94.414
1657136170 94.414
1657136170 94.414
1657136171 94.414
1657136172 94.414
1657136172 94.414
1657136173 94.414
1657136174 94.414
1657136174 94.414
1657136175 94.414
1657136175 94.414
1657136175 94.414
1657136176 94.414
1657136176 94.414
1657136176 94.414
1657136177 94.414
1657136177 94.414
1657136177 94.414
1657136178 94.414
1657136178 94.414
1657136178 94.414
1657136179 94.414
1657136179 94.414
1657136179 94.414
1657136180 94.414
1657136180 94.414
1657136180 94.414
1657136181 94.414
1657136181 94.414
1657136181 94.414
1657136182 94.414
1657136183 94.414
1657136183 94.414
1657136183 94.414
1657136184 94.414
1657136184 94.414
1657136184 94.414
1657136185 94.414
1657136185 94.414
1657136186 94.414
1657136186 94.414
1657136187 94.414
1657136187 94.414
1657136187 94.414
1657136188 94.414
1657136188 94.414
1657136189 94.414
1657136189 94.414
1657136189 94.414
1657136190 94.414
1657136190 94.414
1657136190 94.414
1657136191 94.414
1657136191 94.414
1657136191 94.414
1657136192 94.414
1657136192 94.414
1657136192 94.414
1657136193 94.414
1657136193 94.414
1657136193 94.414
1657136194 94.414
1657136194 94.414
1657136194 94.414
1657136195 94.414
1657136195 94.414
1657136195 94.414
1657136196 94.414
1657136196 94.414
1657136196 94.414
1657136197 104.904
1657136197 104.904
1657136198 104.904
1657136198 104.904
1657136199 104.904
1657136199 104.904
1657136199 104.904
1657136200 104.904
1657136200 104.904
1657136200 104.904
1657136201 104.904
1657136201 104.904
1657136201 104.904
1657136202 104.904
1657136202 104.904
1657136202 104.904
1657136203 104.904
1657136203 104.904
1657136203 104.904
1657136204 104.904
1657136204 104.904
1657136204 104.904
1657136205 104.904
1657136205 104.904
1657136206 104.904
1657136206 104.904
1657136206 104.904
1657136207 104.904
1657136207 104.904
1657136207 104.904
1657136208 104.904
1657136208 104.904
1657136208 104.904
1657136209 104.904
1657136209 104.904
1657136210 104.904
1657136210 104.904
1657136210 104.904
1657136211 104.904
1657136211 104.904
1657136211 104.904
1657136212 104.904
1657136212 104.904
1657136212 104.904
1657136213 104.904
1657136213 104.904
1657136213 104.904
1657136214 104.904
1657136214 104.904
1657136215 104.904
1657136215 104.904
1657136215 104.904
1657136216 104.904
1657136216 104.904
1657136216 104.904
1657136217 104.904
1657136217 104.904
1657136217 104.904
1657136218 104.904
1657136218 104.904
1657136219 104.904
1657136219 104.904
1657136219 104.904
1657136220 104.904
1657136220 104.904
1657136221 104.904
1657136221 104.904
1657136222 104.904
1657136222 104.904
1657136222 104.904
1657136223 104.904
1657136223 104.904
1657136223 104.904
1657136224 104.904
1657136224 104.904
1657136224 104.904
1657136225 104.904
1657136225 104.904
1657136225 104.904
1657136226 104.904
1657136226 104.904
1657136227 94.414
1657136227 94.414
1657136227 94.414
1657136228 94.414
1657136228 94.414
1657136228 94.414
1657136229 94.414
1657136229 94.414
1657136229 94.414
1657136230 94.414
1657136230 94.414
1657136230 94.414
1657136231 94.414
1657136231 94.414
1657136231 94.414
1657136232 94.414
1657136232 94.414
1657136233 94.414
1657136234 94.414
1657136234 94.414
1657136235 94.414
1657136236 94.414
1657136236 94.414
1657136236 94.414
1657136237 94.414
1657136237 94.414
1657136237 94.414
1657136238 94.414
1657136238 94.414
1657136238 94.414
1657136239 94.414
1657136239 94.414
1657136239 94.414
1657136240 94.414
1657136240 94.414
1657136240 94.414
1657136241 94.414
1657136241 94.414
1657136241 94.414
1657136242 94.414
1657136242 94.414
1657136242 94.414
1657136243 94.414
1657136243 94.414
1657136243 94.414
1657136244 94.414
1657136244 94.414
1657136244 94.414
1657136245 94.414
1657136245 94.414
1657136246 94.414
1657136246 94.414
1657136247 94.414
1657136247 94.414
1657136247 94.414
1657136248 94.414
1657136248 94.414
1657136249 94.414
1657136249 94.414
1657136249 94.414
1657136250 94.414
1657136250 94.414
1657136250 94.414
1657136251 94.414
1657136251 94.414
1657136251 94.414
1657136252 94.414
1657136252 94.414
1657136252 94.414
1657136253 94.414
1657136253 94.414
1657136254 94.414
1657136254 94.414
1657136254 94.414
1657136255 94.414
1657136255 94.414
1657136255 94.414
1657136256 94.414
1657136256 94.414
1657136256 94.414
1657136257 97.275
1657136257 97.275
1657136258 97.275
1657136258 97.275
1657136259 97.275
1657136259 97.275
1657136259 97.275
1657136260 97.275
1657136260 97.275
1657136261 97.275
1657136261 97.275
1657136261 97.275
1657136262 97.275
1657136262 97.275
1657136262 97.275
1657136263 97.275
1657136263 97.275
1657136263 97.275
1657136264 97.275
1657136264 97.275
1657136264 97.275
1657136265 97.275
1657136265 97.275
1657136266 97.275
1657136266 97.275
1657136266 97.275
1657136267 97.275
1657136267 97.275
1657136267 97.275
1657136268 97.275
1657136268 97.275
1657136268 97.275
1657136269 97.275
1657136269 97.275
1657136270 97.275
1657136270 97.275
1657136271 97.275
1657136271 97.275
1657136271 97.275
1657136272 97.275
1657136272 97.275
1657136272 97.275
1657136273 97.275
1657136273 97.275
1657136273 97.275
1657136274 97.275
1657136274 97.275
1657136274 97.275
1657136275 97.275
1657136275 97.275
1657136276 97.275
1657136276 97.275
1657136276 97.275
1657136277 97.275
1657136277 97.275
1657136277 97.275
1657136278 97.275
1657136278 97.275
1657136278 97.275
1657136279 97.275
1657136279 97.275
1657136279 97.275
1657136280 97.275
1657136281 97.275
1657136281 97.275
1657136281 97.275
1657136282 97.275
1657136282 97.275
1657136282 97.275
1657136283 97.275
1657136283 97.275
1657136283 97.275
1657136284 97.275
1657136284 97.275
1657136284 97.275
1657136285 97.275
1657136285 97.275
1657136285 97.275
1657136286 97.275
1657136286 97.275
1657136287 127.792
1657136287 127.792
1657136287 127.792
1657136288 127.792
1657136288 127.792
1657136288 127.792
1657136289 127.792
1657136289 127.792
1657136290 127.792
1657136290 127.792
1657136290 127.792
1657136291 127.792
1657136292 127.792
1657136292 127.792
1657136293 127.792
1657136293 127.792
1657136294 127.792
1657136295 127.792
1657136295 127.792
1657136295 127.792
1657136296 127.792
1657136296 127.792
1657136296 127.792
1657136297 127.792
1657136297 127.792
1657136297 127.792
1657136298 127.792
1657136298 127.792
1657136299 127.792
1657136299 127.792
1657136299 127.792
1657136300 127.792
1657136300 127.792
1657136300 127.792
1657136301 127.792
1657136301 127.792
1657136301 127.792
1657136302 127.792
1657136302 127.792
1657136302 127.792
1657136303 127.792
1657136303 127.792
1657136303 127.792
1657136304 127.792
1657136304 127.792
1657136305 127.792
1657136305 127.792
1657136306 127.792
1657136306 127.792
1657136307 127.792
1657136307 127.792
1657136307 127.792
1657136308 127.792
1657136308 127.792
1657136309 127.792
1657136309 127.792
1657136309 127.792
1657136310 127.792
1657136310 127.792
1657136310 127.792
1657136310 127.792
1657136311 127.792
1657136311 127.792
1657136311 127.792
1657136312 127.792
1657136312 127.792
1657136313 127.792
1657136313 127.792
1657136313 127.792
1657136314 127.792
1657136314 127.792
1657136314 127.792
1657136315 127.792
1657136315 127.792
1657136315 127.792
1657136316 127.792
1657136316 127.792
1657136316 127.792
1657136317 101.089
1657136317 101.089
1657136318 101.089
1657136318 101.089
1657136319 101.089
1657136319 101.089
1657136319 101.089
1657136320 101.089
1657136320 101.089
1657136320 101.089
1657136321 101.089
1657136321 101.089
1657136321 101.089
1657136322 101.089
1657136322 101.089
1657136322 101.089
1657136323 101.089
1657136323 101.089
1657136323 101.089
1657136324 101.089
1657136324 101.089
1657136324 101.089
1657136325 101.089
1657136325 101.089
1657136325 101.089
1657136326 101.089
1657136326 101.089
1657136326 101.089
1657136327 101.089
1657136327 101.089
1657136327 101.089
1657136328 101.089
1657136328 101.089
1657136329 101.089
1657136329 101.089
1657136330 101.089
1657136330 101.089
1657136330 101.089
1657136331 101.089
1657136331 101.089
1657136331 101.089
1657136332 101.089
1657136332 101.089
1657136332 101.089
1657136333 101.089
1657136333 101.089
1657136333 101.089
1657136334 101.089
1657136334 101.089
1657136334 101.089
1657136335 101.089
1657136335 101.089
1657136335 101.089
1657136336 101.089
1657136336 101.089
1657136336 101.089
1657136337 101.089
1657136337 101.089
1657136337 101.089
1657136338 101.089
1657136338 101.089
1657136339 101.089
1657136339 101.089
1657136339 101.089
1657136340 101.089
1657136340 101.089
1657136341 101.089
1657136341 101.089
1657136341 101.089
1657136342 101.089
1657136342 101.089
1657136342 101.089
1657136343 101.089
1657136343 101.089
1657136344 101.089
1657136344 101.089
1657136344 101.089
1657136345 101.089
1657136345 101.089
1657136345 101.089
1657136346 101.089
1657136346 101.089
1657136346 101.089
1657136347 88.692
1657136347 88.692
1657136347 88.692
1657136348 88.692
1657136348 88.692
1657136348 88.692
1657136349 88.692
1657136349 88.692
1657136349 88.692
1657136350 88.692
1657136350 88.692
1657136350 88.692
1657136351 88.692
1657136351 88.692
1657136352 88.692
1657136352 88.692
1657136353 88.692
1657136353 88.692
1657136354 88.692
1657136355 88.692
1657136355 88.692
1657136356 88.692
1657136356 88.692
1657136356 88.692
1657136357 88.692
1657136357 88.692
1657136357 88.692
1657136358 88.692
1657136358 88.692
1657136358 88.692
1657136359 88.692
1657136359 88.692
1657136359 88.692
1657136360 88.692
1657136360 88.692
1657136360 88.692
1657136361 88.692
1657136361 88.692
1657136361 88.692
1657136362 88.692
1657136362 88.692
1657136363 88.692
1657136363 88.692
1657136363 88.692
1657136364 88.692
1657136364 88.692
1657136364 88.692
1657136365 88.692
1657136365 88.692
1657136365 88.692
1657136366 88.692
1657136367 88.692
1657136367 88.692
1657136367 88.692
1657136368 88.692
1657136368 88.692
1657136369 88.692
1657136369 88.692
1657136369 88.692
1657136370 88.692
1657136370 88.692
1657136370 88.692
1657136371 88.692
1657136371 88.692
1657136371 88.692
1657136372 88.692
1657136372 88.692
1657136372 88.692
1657136373 88.692
1657136373 88.692
1657136373 88.692
1657136374 88.692
1657136374 88.692
1657136374 88.692
1657136375 88.692
1657136375 88.692
1657136376 88.692
1657136376 88.692
1657136376 88.692
1657136377 143.051
1657136377 143.051
1657136377 143.051
1657136378 143.051
1657136378 143.051
1657136380 143.051
1657136380 143.051
1657136380 143.051
1657136381 143.051
1657136381 143.051
1657136381 143.051
1657136382 143.051
1657136382 143.051
1657136383 143.051
1657136383 143.051
1657136383 143.051
1657136383 143.051
1657136384 143.051
1657136384 143.051
1657136384 143.051
1657136385 143.051
1657136385 143.051
1657136385 143.051
1657136386 143.051
1657136386 143.051
1657136386 143.051
1657136387 143.051
1657136387 143.051
1657136388 143.051
1657136388 143.051
1657136388 143.051
1657136389 143.051
1657136389 143.051
1657136389 143.051
1657136390 143.051
1657136391 143.051
1657136391 143.051
1657136391 143.051
1657136392 143.051
1657136393 143.051
1657136393 143.051
1657136393 143.051
1657136394 143.051
1657136394 143.051
1657136394 143.051
1657136395 143.051
1657136395 143.051
1657136395 143.051
1657136396 143.051
1657136396 143.051
1657136396 143.051
1657136397 143.051
1657136397 143.051
1657136398 143.051
1657136398 143.051
1657136398 143.051
1657136399 143.051
1657136399 143.051
1657136399 143.051
1657136400 143.051
1657136400 143.051
1657136401 143.051
1657136401 143.051
1657136402 143.051
1657136402 143.051
1657136402 143.051
1657136403 143.051
1657136403 143.051
1657136403 143.051
1657136404 143.051
1657136404 143.051
1657136404 143.051
1657136405 143.051
1657136405 143.051
1657136405 143.051
1657136406 143.051
1657136406 143.051
1657136407 98.228
1657136407 98.228
1657136407 98.228
1657136408 98.228
1657136408 98.228
1657136408 98.228
1657136409 98.228
1657136409 98.228
1657136409 98.228
1657136410 98.228
1657136410 98.228
1657136410 98.228
1657136411 98.228
1657136411 98.228
1657136411 98.228
1657136412 98.228
1657136412 98.228
1657136412 98.228
1657136413 98.228
1657136413 98.228
1657136414 98.228